uce-98_chunk_4.tre	0	0.310204	0.00862068965517
uce-1025_chunk_5.tre	7.12663e-05	0.123555	0
uce-990_chunk_1.tre	0.000640482	0.729471	0
uce-549_chunk_1.tre	0.0070492	4.59941	0.0172413793103
uce-832_chunk_7.tre	0.00139247	0.143279	0.0172413793103
uce-870_chunk_6.tre	4.39457	11.3997	0
uce-1061_chunk_2.tre	0.125536	5.50284	0.0344827586207
uce-1025_chunk_3.tre	7.39119e-14	0.864717	0.0258620689655
uce-1110_chunk_5.tre	0.00104527	0.651888	0.0258620689655
uce-214_chunk_1.tre	5.08766e-14	0.0429223	0.00862068965517
uce-540_chunk_2.tre	0.00107734	0.442783	0.00862068965517
uce-1235_chunk_6.tre	0	0.373819	0.0172413793103
uce-106_chunk_2.tre	0.000429442	0.111172	0
uce-775_chunk_1.tre	2.4592e-13	14.7573	0
uce-546_chunk_4.tre	5.74221e-14	16.553	0
uce-682_chunk_6.tre	5.37345e-14	1.27516	0
uce-1257_chunk_4.tre	0.00596491	0.357477	0
uce-1273_chunk_4.tre	4.06811e-14	2.91658	0
uce-96_chunk_6.tre	0.000406529	0.997516	0.0258620689655
uce-353_chunk_2.tre	4.72806e-14	5.3779	0.00862068965517
uce-1256_chunk_5.tre	5.05751e-14	0.748884	0.0258620689655
uce-1110_chunk_4.tre	0.000102574	0.4231	0.0172413793103
uce-422_chunk_5.tre	0.000231828	0.149629	0.00862068965517
uce-561_chunk_4.tre	9.54695e-13	3.03328	0.0258620689655
uce-847_chunk_5.tre	4.60682e-14	0.042125	0
uce-57_chunk_8.tre	7.47082e-14	18.8808	0
uce-739_chunk_2.tre	0	2.2254e-06	0.0344827586207
uce-799_chunk_3.tre	0.000439437	0.567232	0.0258620689655
uce-761_chunk_2.tre	0.0120658	1.95284	0.0344827586207
uce-791_chunk_7.tre	0.00131838	0.762165	0.0344827586207
uce-167_chunk_1.tre	0.14093	4.87842	0.00862068965517
uce-471_chunk_4.tre	0.000468051	0.97606	0.00862068965517
uce-175_chunk_5.tre	5.21743e-14	0.306986	0.00862068965517
uce-174_chunk_1.tre	0	5.90324	0
uce-1184_chunk_6.tre	4.71934e-14	0.255604	0
uce-205_chunk_5.tre	0.0169241	0.790368	0.0344827586207
uce-802_chunk_4.tre	0.000103978	6.43137	0.00862068965517
uce-327_chunk_4.tre	0.00328516	2.74598	0.0258620689655
uce-1184_chunk_3.tre	0.000937062	7.33997	0.0431034482759
uce-1224_chunk_3.tre	0.0051578	4.41355	0
uce-952_chunk_4.tre	3.6825e-14	0.125357	0.00862068965517
uce-1273_chunk_3.tre	5.57732e-14	16.3136	0
uce-846_chunk_4.tre	0.00120996	0.202029	0.00862068965517
uce-603_chunk_5.tre	3.51057e-05	0.0444393	0
uce-952_chunk_3.tre	0.00415578	8.07225	0.0172413793103
uce-214_chunk_3.tre	0.000207527	0.979191	0
uce-1091_chunk_4.tre	4.71144e-14	14.9939	0.00862068965517
uce-1042_chunk_6.tre	0	0.0169714	0.0172413793103
uce-653_chunk_5.tre	0	0.578969	0.00862068965517
uce-795_chunk_4.tre	7.2551e-14	0.210325	0
uce-719_chunk_2.tre	0.000107873	14.1777	0
uce-136_chunk_1.tre	6.14695	7.40514	0.0172413793103
uce-846_chunk_7.tre	0.0161558	0.380383	0.00862068965517
uce-537_chunk_5.tre	0.000327549	0.783053	0
uce-908_chunk_4.tre	5.95811e-14	0.246374	0
uce-99_chunk_3.tre	1.09489e-13	0.197694	0
uce-454_chunk_4.tre	0.00167359	0.427124	0.00862068965517
uce-1270_chunk_6.tre	9.07995e-14	0.215091	0.0172413793103
uce-143_chunk_7.tre	0.00038553	0.0813867	0
uce-323_chunk_2.tre	0.325194	35.4206	0.0689655172414
uce-695_chunk_6.tre	4.20008e-14	0.0852402	0
uce-227_chunk_2.tre	0.000473197	0.141071	0.00862068965517
uce-577_chunk_4.tre	0.0264282	0.744051	0.00862068965517
uce-1273_chunk_5.tre	0.690849	14.545	0.00862068965517
uce-494_chunk_2.tre	6.19835e-05	4.70588	0.0258620689655
uce-1113_chunk_4.tre	0.00152918	3.89404	0.00862068965517
uce-151_chunk_5.tre	1.42436e-05	0.061323	0.00862068965517
uce-749_chunk_6.tre	5.43314e-14	0.219478	0.0172413793103
uce-655_chunk_1.tre	0.0009036	26.0319	0.0258620689655
uce-159_chunk_7.tre	1.84495e-13	1.22184	0.0431034482759
uce-624_chunk_7.tre	3.96904e-14	13.7619	0.00862068965517
uce-1186_chunk_1.tre	0.00141193	1.76779	0.00862068965517
uce-64_chunk_2.tre	0.00671274	2.44932	0.0172413793103
uce-406_chunk_3.tre	1.01709e-13	7.03394	0.0172413793103
uce-993_chunk_4.tre	0.00101234	0.55255	0
uce-1042_chunk_3.tre	4.61829e-13	0.357173	0.00862068965517
uce-176_chunk_4.tre	4.43825e-14	1.47925	0
uce-1270_chunk_8.tre	0.239071	5.92502	0.0258620689655
uce-21_chunk_8.tre	8.29403e-05	0.179105	0.00862068965517
uce-469_chunk_5.tre	9.46095e-14	7.62264	0.0172413793103
uce-1005_chunk_4.tre	0	0.0421804	0
uce-126_chunk_6.tre	7.88861e-31	14.3706	0.0603448275862
uce-1075_chunk_6.tre	3.14507e-14	0.32917	0
uce-446_chunk_4.tre	3.70759e-14	0.0217992	0
uce-332_chunk_6.tre	7.58231e-05	0.395723	0
uce-199_chunk_2.tre	1.23262e-13	0.225821	0.0172413793103
uce-140_chunk_3.tre	4.56641e-14	0.303254	0
uce-374_chunk_3.tre	3.682e-14	13.255	0.00862068965517
uce-1243_chunk_4.tre	4.3844e-14	0.021478	0
uce-1257_chunk_1.tre	0.00766521	2.98227	0.0431034482759
uce-1257_chunk_2.tre	0.00125992	0.157041	0
uce-106_chunk_6.tre	2.38099e-14	9.35774	0
uce-739_chunk_8.tre	0.000211888	5.82486	0.0172413793103
uce-846_chunk_5.tre	0.00132397	0.257688	0.00862068965517
uce-1293_chunk_3.tre	1.07732e-13	0.347919	0.00862068965517
uce-847_chunk_3.tre	5.27417e-13	1.66418	0.0344827586207
uce-446_chunk_6.tre	9.242e-14	0.311117	0.00862068965517
uce-784_chunk_8.tre	0.000165779	0.168457	0
uce-192_chunk_2.tre	1.00584e-13	0.277783	0.00862068965517
uce-954_chunk_2.tre	0.101125	1.50758	0.0344827586207
uce-1235_chunk_7.tre	4.46312e-14	0.0426048	0.00862068965517
uce-855_chunk_5.tre	0	0.0470602	0.00862068965517
uce-748_chunk_6.tre	0.000128007	0.254474	0
uce-924_chunk_3.tre	0	0.265338	0.00862068965517
uce-672_chunk_4.tre	0.0247029	9.57307	0.0172413793103
uce-759_chunk_8.tre	1.13826e-13	0.372315	0.00862068965517
uce-1062_chunk_5.tre	0	0.113443	0.0172413793103
uce-345_chunk_6.tre	0.00032136	48.3521	0
uce-600_chunk_2.tre	0.00607496	0.808623	0.0258620689655
uce-883_chunk_2.tre	0.275952	2.39847	0.0344827586207
uce-303_chunk_1.tre	0.00181378	0.637323	0.0258620689655
uce-1113_chunk_11.tre	5.26641e-14	0.461766	0
uce-653_chunk_4.tre	3.42775e-13	0.343957	0.00862068965517
uce-1092_chunk_5.tre	4.28219e-14	14.2945	0.00862068965517
uce-1177_chunk_4.tre	5.45556e-14	8.69782	0
uce-893_chunk_1.tre	2.159e-13	32.0968	0.0172413793103
uce-309_chunk_4.tre	0.000107589	0.92642	0.00862068965517
uce-227_chunk_5.tre	0.00887449	20.2984	0.00862068965517
uce-3_chunk_4.tre	0.000386779	0.89492	0
uce-1277_chunk_4.tre	0.00214286	3.17302	0.0172413793103
uce-495_chunk_1.tre	0.00234495	19.2983	0.0172413793103
uce-495_chunk_2.tre	0.000185435	0.105965	0.0258620689655
uce-89_chunk_3.tre	5.10315e-14	0.0858873	0
uce-54_chunk_6.tre	0.0129797	0.68996	0.00862068965517
uce-1228_chunk_6.tre	0.000722767	0.160224	0.00862068965517
uce-549_chunk_2.tre	4.94223e-05	0.103741	0
uce-1256_chunk_2.tre	4.42635e-14	0.0876192	0
uce-6_chunk_3.tre	4.8896e-14	3.59318	0
uce-1317_chunk_6.tre	0.0720785	1.09399	0.00862068965517
uce-556_chunk_4.tre	0.0440567	10.5362	0.0344827586207
uce-422_chunk_7.tre	0.000554072	29.4732	0
uce-563_chunk_5.tre	0.000265676	0.082961	0
uce-469_chunk_7.tre	0.00362704	0.39425	0.00862068965517
uce-332_chunk_5.tre	0.00320775	0.686795	0
uce-84_chunk_5.tre	0	9.84452e-07	0.0172413793103
uce-1293_chunk_5.tre	0.00125115	1.25445	0.0172413793103
uce-712_chunk_4.tre	3.85429e-14	0.0424224	0
uce-219_chunk_3.tre	9.16651e-14	4.13834	0.00862068965517
uce-858_chunk_3.tre	0.0161998	0.956441	0.00862068965517
uce-495_chunk_4.tre	6.59726e-05	0.278657	0.00862068965517
uce-982_chunk_6.tre	0.00092102	1.79886	0.0172413793103
uce-124_chunk_4.tre	0.000312199	0.152719	0.00862068965517
uce-124_chunk_7.tre	0.0877152	10.6143	0.00862068965517
uce-392_chunk_5.tre	0.0100723	4.68267	0.0172413793103
uce-918_chunk_4.tre	0.03152	0.456441	0.0431034482759
uce-1256_chunk_4.tre	0.00228801	0.539774	0.0258620689655
uce-84_chunk_4.tre	0	1.01941	0
uce-1257_chunk_3.tre	0.00128264	0.500922	0
uce-1075_chunk_3.tre	0.0027361	0.194146	0
uce-383_chunk_4.tre	1.13346e-13	3.07644	0.00862068965517
uce-691_chunk_2.tre	0.00527558	3.80842	0.00862068965517
uce-327_chunk_6.tre	7.56022e-14	0.0944607	0.00862068965517
uce-1219_chunk_3.tre	6.63833e-14	0.155993	0
uce-273_chunk_3.tre	0.000103587	0.117846	0.0172413793103
uce-717_chunk_5.tre	0.000951137	0.186127	0.0172413793103
uce-909_chunk_4.tre	0.00471561	55.067	0.0431034482759
uce-238_chunk_5.tre	8.14415e-05	18.579	0.00862068965517
uce-200_chunk_3.tre	8.00268e-14	0.193474	0.00862068965517
uce-682_chunk_5.tre	0.000265993	0.29199	0.00862068965517
uce-1025_chunk_6.tre	1.96948e-13	10.5152	0.0431034482759
uce-1279_chunk_6.tre	0.000125257	0.128025	0.00862068965517
uce-1062_chunk_6.tre	5.39294e-14	0.0463829	0
uce-718_chunk_4.tre	0.000109452	0.453918	0
uce-1091_chunk_3.tre	9.34244e-05	0.133944	0.00862068965517
uce-1209_chunk_3.tre	0.00278165	0.153142	0
uce-682_chunk_3.tre	0.00106034	0.777944	0.0172413793103
uce-1249_chunk_5.tre	4.45463e-14	0.0882474	0
uce-1184_chunk_5.tre	0.000271102	0.426483	0.0172413793103
uce-1042_chunk_4.tre	0.000112287	0.172586	0
uce-406_chunk_7.tre	1.77576e-13	0.141236	0
uce-653_chunk_7.tre	6.47069e-14	0.334377	0.0258620689655
uce-737_chunk_4.tre	4.78973e-14	0.0214334	0
uce-511_chunk_2.tre	0.000323641	0.0946211	0.0344827586207
uce-1263_chunk_4.tre	0.00510136	3.38983	0.00862068965517
uce-1205_chunk_7.tre	0.00119087	0.281078	0
uce-795_chunk_7.tre	0.202349	5.40704	0.00862068965517
uce-267_chunk_6.tre	3.56553e-14	0.0644398	0
uce-736_chunk_4.tre	0.000588755	0.500265	0.0258620689655
uce-603_chunk_7.tre	0.000969542	1.43299	0.00862068965517
uce-682_chunk_4.tre	4.94135e-14	0.144141	0
uce-359_chunk_6.tre	8.61807e-14	0.268201	0
uce-833_chunk_4.tre	2.04552e-13	31.242	0.0172413793103
uce-1277_chunk_5.tre	0.00214604	23.7702	0.00862068965517
uce-96_chunk_4.tre	7.20321e-14	0.291089	0.00862068965517
uce-471_chunk_5.tre	3.98661e-14	1.22931	0
uce-1224_chunk_4.tre	6.50692e-05	0.500571	0.00862068965517
uce-200_chunk_1.tre	0.00125377	5.05124	0
uce-99_chunk_7.tre	1.92437e-13	30.3026	0
uce-414_chunk_3.tre	0.00211165	5.621	0.00862068965517
uce-1324_chunk_1.tre	0.00292611	0.244206	0.0258620689655
uce-566_chunk_2.tre	0.000789836	0.598758	0.0258620689655
uce-805_chunk_8.tre	0.0466582	1.17619	0.0172413793103
uce-8_chunk_6.tre	0.000105799	0.311051	0.00862068965517
uce-106_chunk_1.tre	0.643452	8.42099	0.00862068965517
uce-815_chunk_4.tre	0.0390605	1.30099	0
uce-509_chunk_10.tre	0.0204614	37.9417	0.00862068965517
uce-1176_chunk_3.tre	0.0506232	2.81912	0.0431034482759
uce-1235_chunk_4.tre	0.000428923	1.05953	0.0344827586207
uce-54_chunk_3.tre	0.000113717	16.3443	0.00862068965517
uce-251_chunk_5.tre	0.0104036	0.37057	0.00862068965517
uce-149_chunk_3.tre	0.00268493	1.86296	0.00862068965517
uce-893_chunk_3.tre	0.0113293	1.09178	0.00862068965517
uce-31_chunk_4.tre	7.36064e-14	0.211517	0
uce-106_chunk_5.tre	0.0836083	4.00568	0.0431034482759
uce-494_chunk_5.tre	9.9633e-14	4.0196	0.00862068965517
uce-359_chunk_4.tre	0.00857086	1.19617	0.00862068965517
uce-353_chunk_4.tre	0.0559773	9.22882	0.0172413793103
uce-413_chunk_3.tre	0.0014923	0.807161	0.00862068965517
uce-565_chunk_4.tre	0.148936	1.52413	0
uce-136_chunk_3.tre	1.61122e-13	0.264973	0.0258620689655
uce-1249_chunk_3.tre	0.00026341	6.87864	0.0344827586207
uce-54_chunk_5.tre	0.0521837	4.99058	0.00862068965517
uce-736_chunk_5.tre	0.000165503	0.416666	0.00862068965517
uce-1323_chunk_5.tre	0.488534	21.0774	0.0172413793103
uce-1044_chunk_1.tre	0.00075932	26.9954	0.0172413793103
uce-805_chunk_6.tre	5.05126e-14	0.0444972	0.00862068965517
uce-143_chunk_4.tre	4.64903e-14	1.69577	0.0172413793103
uce-832_chunk_5.tre	4.19326e-14	0.164802	0
uce-1273_chunk_2.tre	0.000306992	3.38651	0.0172413793103
uce-1279_chunk_5.tre	2.74183e-13	1.28111	0.0258620689655
uce-392_chunk_3.tre	4.0394e-14	0.108117	0
uce-124_chunk_3.tre	0.000779968	0.594142	0.0172413793103
uce-175_chunk_6.tre	0.00137326	0.364307	0.0431034482759
uce-577_chunk_6.tre	3.05905e-05	0.0958109	0
uce-89_chunk_4.tre	4.15234e-14	14.0761	0
uce-392_chunk_4.tre	8.46115e-14	0.238097	0
uce-968_chunk_5.tre	0.000159508	0.0891604	0.00862068965517
uce-383_chunk_2.tre	0.223527	4.87538	0.0258620689655
uce-952_chunk_7.tre	0	2.05074	0.0172413793103
uce-1187_chunk_4.tre	5.42471e-14	0.24051	0
uce-129_chunk_6.tre	0.000236799	0.455133	0.00862068965517
uce-894_chunk_3.tre	0.000103861	1.6949	0
uce-706_chunk_4.tre	7.91138e-05	0.203558	0.0172413793103
uce-870_chunk_3.tre	0.0127556	2.32516	0.0344827586207
uce-273_chunk_5.tre	4.82177e-13	1.69953	0.0172413793103
uce-1184_chunk_8.tre	0.00140096	1.32149	0.00862068965517
uce-303_chunk_3.tre	4.67853e-14	0.292728	0.00862068965517
uce-706_chunk_6.tre	9.72633e-05	14.9368	0
uce-1229_chunk_2.tre	0.00141073	0.139821	0.00862068965517
uce-1025_chunk_4.tre	9.50742e-05	0.0706551	0
uce-411_chunk_6.tre	7.2311e-14	3.17382	0
uce-3_chunk_2.tre	0.00144219	0.202404	0.00862068965517
uce-832_chunk_6.tre	0.000307126	0.490721	0.0258620689655
uce-1196_chunk_4.tre	3.45303e-05	0.0647348	0
uce-802_chunk_5.tre	4.02023e-14	1.55359	0
uce-802_chunk_6.tre	0.0123123	24.0065	0.00862068965517
uce-653_chunk_9.tre	0.156527	13.2208	0.0344827586207
uce-561_chunk_8.tre	0.00146405	0.374561	0.0172413793103
uce-791_chunk_6.tre	0.000801727	0.191313	0.0172413793103
uce-894_chunk_8.tre	7.95364e-14	0.0898932	0
uce-832_chunk_3.tre	0.000292904	39.2809	0
uce-205_chunk_8.tre	0.417085	45.853	0.0603448275862
uce-107_chunk_4.tre	0	0.208955	0.00862068965517
uce-1186_chunk_2.tre	4.14813e-14	0.114523	0.00862068965517
uce-909_chunk_7.tre	1.31795e-13	0.221951	0.0258620689655
uce-6_chunk_4.tre	0.000114236	0.66571	0.00862068965517
uce-205_chunk_4.tre	0.0168856	29.2936	0.00862068965517
uce-205_chunk_7.tre	4.81976e-13	1.91904	0
uce-952_chunk_5.tre	4.46993e-14	0.0416742	0
uce-21_chunk_6.tre	0	0.167922	0.0172413793103
uce-252_chunk_4.tre	3.975e-14	0.123987	0
uce-96_chunk_8.tre	0.00769612	3.13012	0.0258620689655
uce-577_chunk_5.tre	3.93663e-14	0.524264	0
uce-509_chunk_11.tre	8.90115e-14	20.6092	0
uce-1263_chunk_6.tre	4.44864e-14	0.246668	0.0258620689655
uce-1205_chunk_6.tre	0.000609898	0.219161	0.00862068965517
uce-706_chunk_7.tre	0.000222209	23.7796	0
uce-408_chunk_5.tre	1.49805e-13	0.580043	0
uce-57_chunk_4.tre	1.81237	9.07244	0
uce-605_chunk_3.tre	4.81721e-14	0.0863714	0
uce-713_chunk_4.tre	0.00812886	1.5694	0.00862068965517
uce-833_chunk_6.tre	0	0.187421	0.0172413793103
uce-1005_chunk_1.tre	0	1.32005	0.00862068965517
uce-705_chunk_4.tre	4.16131e-14	0.0215778	0
uce-1249_chunk_9.tre	1.28867e-13	7.57852	0
uce-815_chunk_9.tre	0.00908191	0.613191	0.0172413793103
uce-1007_chunk_4.tre	0.00315572	1.20117	0.00862068965517
uce-1296_chunk_5.tre	0.000146278	19.5601	0.0172413793103
uce-21_chunk_5.tre	0.000174223	1.98282	0.0172413793103
uce-1286_chunk_3.tre	0.000584059	1.01166	0
uce-200_chunk_4.tre	6.85324e-14	0.185651	0
uce-108_chunk_4.tre	2.89612e-14	0.0369157	0.00862068965517
uce-815_chunk_6.tre	0.00125312	0.212724	0.00862068965517
uce-31_chunk_8.tre	4.86242e-14	0.063641	0
uce-691_chunk_1.tre	3.66493	67.97	0.0172413793103
uce-408_chunk_6.tre	0.0010233	0.320888	0.00862068965517
uce-151_chunk_7.tre	8.99427e-14	0.411333	0.0172413793103
uce-1123_chunk_4.tre	8.90709e-14	0.142446	0
uce-1027_chunk_4.tre	4.1211e-14	0.0413522	0
uce-406_chunk_8.tre	4.98169e-14	1.3119	0.00862068965517
uce-174_chunk_4.tre	81.9029	57.594	0
uce-990_chunk_5.tre	1.53102e-13	0.111675	0
uce-990_chunk_6.tre	5.85723e-05	0.142265	0.0172413793103
uce-830_chunk_4.tre	8.36654e-05	0.0607946	0.00862068965517
uce-8_chunk_2.tre	7.05378e-14	18.3463	0.0344827586207
uce-1282_chunk_4.tre	0.000105867	0.107709	0
uce-422_chunk_8.tre	3.364e-13	1.0013	0.0172413793103
uce-1282_chunk_3.tre	6.85505e-14	1.34455	0
uce-460_chunk_3.tre	0.0383992	20.9714	0.00862068965517
uce-1228_chunk_7.tre	0.000104976	0.643256	0
uce-465_chunk_2.tre	1.65767e-13	28.1246	0.0172413793103
uce-183_chunk_6.tre	4.97977e-14	1.1612	0.00862068965517
uce-830_chunk_6.tre	1.44835e-13	0.223195	0.0258620689655
uce-476_chunk_5.tre	0.000372737	0.798006	0
uce-1211_chunk_3.tre	0.00400365	0.401467	0.00862068965517
uce-815_chunk_7.tre	4.81482e-35	0.0890909	0.00862068965517
uce-450_chunk_3.tre	5.37247e-14	1.28931	0.0172413793103
uce-454_chunk_3.tre	3.5766e-14	0.204872	0
uce-858_chunk_5.tre	0.00336403	0.461662	0.0258620689655
uce-1200_chunk_2.tre	2.97243e-13	0.316363	0.00862068965517
uce-759_chunk_7.tre	1.06111e-13	0.135323	0.00862068965517
uce-54_chunk_2.tre	7.83071e-05	0.0617692	0
uce-192_chunk_3.tre	1.08107e-13	0.0630947	0
uce-183_chunk_3.tre	0.00013269	0.543754	0
uce-214_chunk_4.tre	1.93798e-13	0.334229	0
uce-1235_chunk_11.tre	0.00213211	1.31677	0.0172413793103
uce-797_chunk_4.tre	0.00527475	1.11054	0.00862068965517
uce-954_chunk_4.tre	0.000386848	0.300923	0.0258620689655
uce-363_chunk_5.tre	4.86496e-14	0.171057	0.0172413793103
uce-167_chunk_2.tre	1.59872e-13	0.200611	0.0172413793103
uce-159_chunk_5.tre	0.000705333	0.40862	0
uce-422_chunk_9.tre	3.40811e-13	1.68774	0.0258620689655
uce-273_chunk_1.tre	0.00154294	0.947022	0.00862068965517
uce-192_chunk_5.tre	1.94169e-13	5.7211	0.00862068965517
uce-124_chunk_6.tre	0.00567097	1.72014	0.00862068965517
uce-126_chunk_3.tre	0.0416436	7.53321	0.0431034482759
uce-140_chunk_2.tre	0.00354492	18.6233	0
uce-1092_chunk_3.tre	0.00606156	3.43634	0.0172413793103
uce-61_chunk_3.tre	1.33313e-13	0.655099	0.0344827586207
uce-561_chunk_5.tre	3.50324e-14	0.196328	0.0172413793103
uce-1260_chunk_2.tre	6.8779e-14	0.185407	0
uce-1317_chunk_8.tre	0.0166339	15.2225	0.0689655172414
uce-469_chunk_4.tre	4.08147e-14	13.9555	0.00862068965517
uce-303_chunk_2.tre	4.03526e-14	0.0686964	0
uce-719_chunk_3.tre	4.18691e-14	0.993396	0
uce-1091_chunk_2.tre	1.80627	34.294	0.0172413793103
uce-476_chunk_8.tre	6.63794e-14	0.114227	0
uce-1229_chunk_3.tre	1.25727e-13	0.0872641	0
uce-802_chunk_3.tre	4.56271e-14	2.1924	0.0172413793103
uce-252_chunk_5.tre	6.49434e-14	0.155901	0
uce-894_chunk_7.tre	4.25052e-14	0.093893	0.00862068965517
uce-918_chunk_3.tre	3.86248e-14	3.66862	0
uce-653_chunk_8.tre	0.0229609	1.14787	0.0172413793103
uce-1205_chunk_3.tre	0.137101	40.9766	0.0172413793103
uce-784_chunk_4.tre	0.00613109	1.01817	0.0172413793103
uce-140_chunk_4.tre	8.11236e-14	0.688619	0
uce-784_chunk_10.tre	0.485997	5.74187	0.00862068965517
uce-990_chunk_7.tre	0.000442524	0.129075	0.00862068965517
uce-359_chunk_10.tre	0.0812941	2.78755	0.0258620689655
uce-1324_chunk_2.tre	4.65595e-14	0.0676106	0.0172413793103
uce-1054_chunk_5.tre	5.78362e-14	0.622056	0
uce-1211_chunk_1.tre	0.18932	22.2019	0.0258620689655
uce-1296_chunk_3.tre	0.000401068	0.120231	0
uce-651_chunk_3.tre	0.000105416	0.196366	0
uce-982_chunk_4.tre	0.000257764	0.294577	0.0344827586207
uce-769_chunk_3.tre	1.17848e-13	0.421101	0.0172413793103
uce-251_chunk_6.tre	7.65354e-13	7.53412	0.00862068965517
uce-1042_chunk_2.tre	1.87279e-13	1.98811	0.00862068965517
uce-332_chunk_3.tre	4.05513e-14	0.0938248	0
uce-442_chunk_4.tre	0.0288057	3.58232	0.00862068965517
uce-757_chunk_2.tre	3.82796e-13	0.395315	0
uce-84_chunk_6.tre	9.13853e-14	0.154909	0
uce-1196_chunk_6.tre	0.0141404	0.450256	0.0431034482759
uce-435_chunk_4.tre	0.014334	1.5043	0.0431034482759
uce-107_chunk_3.tre	0.00162796	35.3165	0.0258620689655
uce-757_chunk_5.tre	6.50168e-14	0.246003	0.00862068965517
uce-149_chunk_6.tre	386.051	125.04	0
uce-323_chunk_7.tre	0.00252591	27.9326	0.0344827586207
uce-353_chunk_3.tre	8.43853e-14	2.16628	0.00862068965517
uce-199_chunk_5.tre	4.80118e-14	0.065006	0
uce-238_chunk_4.tre	0.000153809	1.35729	0.0258620689655
uce-374_chunk_5.tre	0.0446288	1.5659	0.0172413793103
uce-411_chunk_4.tre	0.000657102	0.299425	0.00862068965517
uce-830_chunk_3.tre	0.000121997	9.97211	0.0172413793103
uce-713_chunk_7.tre	0	0.464069	0.00862068965517
uce-718_chunk_3.tre	1.07408e-13	0.491077	0.0172413793103
uce-408_chunk_4.tre	4.14959e-14	0.125117	0
uce-737_chunk_6.tre	0.0001427	33.9481	0.00862068965517
uce-1279_chunk_9.tre	0.0405127	4.68131	0.0344827586207
uce-982_chunk_7.tre	4.20652e-14	5.43076	0.00862068965517
uce-469_chunk_6.tre	0.00725219	0.582864	0.0258620689655
uce-1177_chunk_5.tre	0.00074367	0.260425	0.00862068965517
uce-1270_chunk_7.tre	9.71341e-05	3.75662	0
uce-450_chunk_4.tre	8.20399e-14	19.7856	0
uce-157_chunk_2.tre	0.0391222	0.915874	0.00862068965517
uce-1263_chunk_3.tre	0.00548326	15.3513	0.0172413793103
uce-908_chunk_9.tre	0.0153284	21.7152	0
uce-714_chunk_3.tre	4.24414e-14	1.2404	0.0172413793103
uce-1093_chunk_2.tre	4.81941e-14	0.97771	0.0172413793103
uce-908_chunk_7.tre	1.04227e-13	0.065072	0
uce-672_chunk_2.tre	9.163e-05	0.25927	0.0172413793103
uce-267_chunk_7.tre	0.00240689	0.160457	0.051724137931
uce-952_chunk_2.tre	0.00203252	2.69065	0
uce-832_chunk_4.tre	0	1.05876	0.0258620689655
uce-717_chunk_4.tre	0.000352037	1.69803	0
uce-833_chunk_5.tre	4.3237e-14	0.477632	0
uce-454_chunk_7.tre	0.325413	2.06861	0.00862068965517
uce-918_chunk_5.tre	0.00925209	1.02939	0.0258620689655
uce-749_chunk_3.tre	7.45112e-05	0.0632167	0
uce-96_chunk_5.tre	0.0028874	0.718225	0
uce-175_chunk_2.tre	0.100943	1.80142	0.00862068965517
uce-61_chunk_5.tre	4.71493e-14	14.9994	0
uce-990_chunk_2.tre	0.000133744	0.31398	0
uce-600_chunk_3.tre	4.60598e-14	0.0204972	0
uce-858_chunk_2.tre	7.77791e-14	19.265	0.00862068965517
uce-442_chunk_2.tre	9.2776e-14	0.733649	0
uce-1249_chunk_4.tre	5.16507e-14	0.153741	0
uce-151_chunk_6.tre	4.45558e-14	0.04159	0
uce-797_chunk_3.tre	0.00203641	0.164383	0.0172413793103
uce-1279_chunk_7.tre	1.20878e-13	0.0414253	0.00862068965517
uce-414_chunk_5.tre	4.4362e-14	0.0912618	0
uce-414_chunk_6.tre	4.41667e-13	0.393895	0.0172413793103
uce-791_chunk_3.tre	0.00013114	0.104164	0
uce-460_chunk_5.tre	0.500168	28.8648	0.0344827586207
uce-600_chunk_5.tre	8.09605e-14	16.0783	0.00862068965517
uce-1286_chunk_1.tre	0.00936195	46.8581	0.051724137931
uce-577_chunk_3.tre	0.00582486	0.398553	0.00862068965517
uce-934_chunk_5.tre	1.28819e-13	0.244545	0
uce-556_chunk_2.tre	7.12789e-14	0.285265	0.00862068965517
uce-129_chunk_7.tre	0.000739411	3.71709	0.0344827586207
uce-695_chunk_4.tre	7.98852e-13	61.7406	0.0172413793103
uce-374_chunk_4.tre	1.97183e-13	0.150317	0.00862068965517
uce-909_chunk_5.tre	0.00217696	0.552179	0.0344827586207
uce-185_chunk_3.tre	1.23115e-13	3.47532	0.0172413793103
uce-494_chunk_4.tre	9.79555e-14	0.115195	0
uce-494_chunk_7.tre	0.0241121	4.61406	0.0258620689655
uce-799_chunk_4.tre	0.000829842	0.929199	0.00862068965517
uce-411_chunk_7.tre	0.000128935	0.425709	0
uce-460_chunk_2.tre	5.05775e-14	2.9654	0
uce-1110_chunk_2.tre	8.50262e-14	0.509093	0.00862068965517
uce-1042_chunk_1.tre	0.0618479	4.86113	0.0258620689655
uce-577_chunk_7.tre	0.0340209	21.6781	0.0431034482759
uce-858_chunk_4.tre	4.9675e-14	0.0459016	0.00862068965517
uce-1209_chunk_5.tre	0.0119067	1.61465	0.0258620689655
uce-646_chunk_3.tre	0.000110166	1.0483	0
uce-368_chunk_4.tre	0.000101327	0.601648	0.0172413793103
uce-1242_chunk_2.tre	1.05715e-13	22.4598	0
uce-1270_chunk_3.tre	9.5907e-14	21.3924	0.0258620689655
uce-540_chunk_1.tre	5.6729e-14	3.43566	0.0344827586207
uce-541_chunk_4.tre	5.14428e-14	0.101615	0.00862068965517
uce-1186_chunk_3.tre	8.48822e-14	0.265185	0
uce-759_chunk_3.tre	4.53816e-14	8.33328	0
uce-908_chunk_8.tre	0.00102306	0.357773	0
uce-1324_chunk_3.tre	5.46313e-14	0.16914	0
uce-494_chunk_3.tre	0.000106075	0.307005	0.00862068965517
uce-120_chunk_2.tre	0.0005871	0.720001	0.00862068965517
uce-712_chunk_2.tre	0.177626	24.4003	0.0258620689655
uce-915_chunk_2.tre	4.87926e-14	0.169868	0
uce-1249_chunk_6.tre	9.53933e-14	0.480075	0.0172413793103
uce-174_chunk_3.tre	0.00307379	0.910919	0
uce-706_chunk_5.tre	0.0969348	1.47246	0
uce-406_chunk_4.tre	2.21862e-13	7.47894	0.00862068965517
uce-1027_chunk_2.tre	0.00599311	0.995074	0.00862068965517
uce-106_chunk_4.tre	0.000525806	0.524476	0.0258620689655
uce-1282_chunk_5.tre	6.08056e-14	0.329934	0
uce-449_chunk_5.tre	0.0612921	2.95891	0
uce-690_chunk_2.tre	0.000297877	10.5084	0.00862068965517
uce-450_chunk_2.tre	0.000668546	3.72193	0.0258620689655
uce-1235_chunk_10.tre	0.00234835	0.225841	0.0258620689655
uce-563_chunk_3.tre	0.00177536	1.67914	0.0258620689655
uce-1281_chunk_3.tre	0.000144337	27.8772	0.0344827586207
uce-1184_chunk_2.tre	0.0106607	4.00035	0.0258620689655
uce-870_chunk_4.tre	0.00364883	0.370775	0.0344827586207
uce-537_chunk_3.tre	0	8.71304e-07	0.00862068965517
uce-1187_chunk_1.tre	0.13376	4.62829	0.0172413793103
uce-157_chunk_3.tre	5.11623e-05	0.136365	0
uce-748_chunk_5.tre	7.92341e-14	19.4443	0.0172413793103
uce-1219_chunk_6.tre	0.00348396	0.290567	0.0258620689655
uce-1027_chunk_5.tre	0.00289355	14.0277	0
uce-894_chunk_4.tre	0.000385168	0.103824	0.00862068965517
uce-713_chunk_6.tre	2.56176e-05	0.0414278	0.0172413793103
uce-748_chunk_3.tre	0.000135564	0.0849398	0
uce-712_chunk_7.tre	1.46763e-13	0.586177	0.0431034482759
uce-6_chunk_5.tre	9.74195e-14	21.5606	0.0172413793103
uce-1256_chunk_1.tre	1.23639e-13	0.605799	0.0258620689655
uce-120_chunk_6.tre	0.187599	4.6936	0.0689655172414
uce-54_chunk_4.tre	0.000641689	26.0359	0
uce-1263_chunk_1.tre	0.109541	2.85419	0.0258620689655
uce-149_chunk_2.tre	2.20508e-13	12.1468	0.0172413793103
uce-273_chunk_4.tre	2.60462e-05	0.107011	0.00862068965517
uce-661_chunk_5.tre	0.192898	1.85639	0.00862068965517
uce-1323_chunk_4.tre	0.00504975	14.0722	0.00862068965517
uce-1242_chunk_4.tre	1.49047e-13	7.11274	0.00862068965517
uce-38_chunk_1.tre	0.0136511	7.6519	0.0431034482759
uce-287_chunk_3.tre	9.61434e-14	0.608863	0
uce-797_chunk_1.tre	0.0433184	19.882	0
uce-204_chunk_1.tre	0.000495874	8.16896	0.0344827586207
uce-769_chunk_2.tre	8.80785e-05	0.0402995	0.0172413793103
uce-1211_chunk_2.tre	4.69409e-14	0.234192	0.00862068965517
uce-1293_chunk_4.tre	9.21809e-14	0.216909	0.00862068965517
uce-454_chunk_2.tre	4.31827e-14	0.13929	0.00862068965517
uce-968_chunk_9.tre	0.0327033	45.4387	0.0172413793103
uce-552_chunk_4.tre	0.019688	1.17861	0.00862068965517
uce-894_chunk_6.tre	9.3651e-05	0.0428809	0
uce-1324_chunk_5.tre	0.0471875	1.16254	0
uce-148_chunk_6.tre	2.47594e-13	2.8053	0.00862068965517
uce-108_chunk_6.tre	0.000463205	9.10308	0.00862068965517
uce-1270_chunk_5.tre	3.87682e-14	0.0411366	0
uce-509_chunk_12.tre	0.00656772	29.095	0.0172413793103
uce-54_chunk_1.tre	0.00254634	45.6579	0.0603448275862
uce-368_chunk_5.tre	1.20296e-13	3.35594	0
uce-353_chunk_1.tre	1.56939e-13	27.3654	0.00862068965517
uce-1160_chunk_4.tre	3.53305e-13	41.0592	0
uce-784_chunk_6.tre	9.75678e-14	0.446339	0.00862068965517
uce-987_chunk_6.tre	4.42698e-14	0.505706	0.00862068965517
uce-143_chunk_8.tre	1.00411e-13	1.55023	0.00862068965517
uce-57_chunk_5.tre	5.08128e-14	15.5713	0
uce-108_chunk_1.tre	0.00379964	0.942995	0.0172413793103
uce-690_chunk_5.tre	8.45649e-14	0.312193	0.0258620689655
uce-435_chunk_3.tre	0.000957798	28.6216	0.0172413793103
uce-204_chunk_4.tre	1.04744e-13	0.262577	0
uce-749_chunk_5.tre	0.000840828	0.135444	0
uce-717_chunk_6.tre	0.00041483	0.0977034	0.00862068965517
uce-509_chunk_8.tre	6.59049e-14	7.95758	0.0172413793103
uce-549_chunk_4.tre	0.0107865	0.361517	0
uce-646_chunk_5.tre	3.52411e-05	0.101893	0
uce-1062_chunk_7.tre	6.70702e-05	0.0963734	0.0172413793103
uce-406_chunk_5.tre	0.000104226	0.110644	0.00862068965517
uce-672_chunk_1.tre	0.0203433	3.12083	0.0172413793103
uce-1184_chunk_9.tre	0.059297	6.21498	0.0431034482759
uce-167_chunk_4.tre	0.669487	8.06978	0.00862068965517
uce-1176_chunk_2.tre	0	0.0828675	0.00862068965517
uce-655_chunk_3.tre	0.000268644	0.0933394	0.0172413793103
uce-174_chunk_2.tre	7.77356e-14	8.7348	0
uce-714_chunk_2.tre	0.00580056	0.76061	0.0344827586207
uce-176_chunk_5.tre	7.57639e-14	5.50448	0
uce-805_chunk_9.tre	0.000528965	1.68498	0.00862068965517
uce-695_chunk_7.tre	0.000173441	0.386456	0.0172413793103
uce-883_chunk_4.tre	3.44845e-14	0.0646696	0
uce-159_chunk_4.tre	0.00159573	1.2925	0.0344827586207
uce-471_chunk_2.tre	7.75876e-14	1.9074	0
uce-88_chunk_3.tre	9.40811e-05	0.137559	0.00862068965517
uce-446_chunk_7.tre	4.71216e-14	0.0888902	0.00862068965517
uce-600_chunk_4.tre	6.59303e-14	0.0812061	0
uce-799_chunk_5.tre	0.000262208	0.319717	0.00862068965517
uce-1093_chunk_5.tre	0.341534	6.55834	0.00862068965517
