uce-98_chunk_4.tre	0.00380543	0.578238	0.0172413793103
uce-200_chunk_2.tre	0	0.0317025	0.0344827586207
uce-1025_chunk_5.tre	0.000334186	0.206551	0.0258620689655
uce-303_chunk_4.tre	0.00085712	0.918983	0.0172413793103
uce-990_chunk_1.tre	0.00289553	1.55265	0.0431034482759
uce-335_chunk_4.tre	0.00472363	1.5376	0.0431034482759
uce-549_chunk_1.tre	0.00424682	6.54758	0.051724137931
uce-3_chunk_3.tre	0.00144883	0.10487	0.0172413793103
uce-832_chunk_7.tre	0.00139247	0.143279	0.0172413793103
uce-870_chunk_6.tre	1.43739	26.156	0.0603448275862
uce-1061_chunk_2.tre	0.0439958	10.1571	0.0603448275862
uce-309_chunk_2.tre	0.0433733	33.1065	0.0775862068966
uce-909_chunk_6.tre	0.000101202	0.061309	0.00862068965517
uce-566_chunk_4.tre	0.000156928	0.233774	0.0258620689655
uce-227_chunk_4.tre	0.00073089	0.641009	0.00862068965517
uce-1025_chunk_3.tre	0.011579	3.39372	0.0862068965517
uce-1110_chunk_5.tre	0.00132986	2.22618	0.0689655172414
uce-214_chunk_1.tre	0.000104169	0.0633344	0.0172413793103
uce-540_chunk_2.tre	0.000407555	0.899829	0.0344827586207
uce-494_chunk_6.tre	0.00296878	1.85194	0.0431034482759
uce-1235_chunk_6.tre	9.12808e-05	0.394086	0.0172413793103
uce-106_chunk_2.tre	0.000450922	0.15204	0.0172413793103
uce-8_chunk_5.tre	0.000206927	0.401025	0.0431034482759
uce-775_chunk_1.tre	0.0091563	17.2973	0.0344827586207
uce-38_chunk_4.tre	0.000450187	0.618037	0.0344827586207
uce-761_chunk_4.tre	0.0112371	0.366021	0.0258620689655
uce-187_chunk_4.tre	0.192437	5.78243	0.0258620689655
uce-546_chunk_4.tre	5.74221e-14	16.553	0.00862068965517
uce-549_chunk_5.tre	0.00422446	1.6873	0.0172413793103
uce-682_chunk_6.tre	0.0691844	2.55054	0.00862068965517
uce-157_chunk_6.tre	0.0229333	5.12065	0.137931034483
uce-705_chunk_2.tre	0.000254396	0.0902165	0.0258620689655
uce-1257_chunk_4.tre	0.00928664	0.420571	0.0258620689655
uce-1229_chunk_1.tre	0.0328542	8.43909	0.0172413793103
uce-833_chunk_7.tre	0.000186854	0.335241	0.0172413793103
uce-1273_chunk_4.tre	0.000416709	2.95741	0
uce-454_chunk_6.tre	0.0359352	0.693692	0.0431034482759
uce-96_chunk_6.tre	0.000804335	1.11314	0.0344827586207
uce-353_chunk_2.tre	8.40423e-05	5.39907	0.00862068965517
uce-1256_chunk_5.tre	0.00162917	1.66933	0.0775862068966
uce-759_chunk_9.tre	0.00128396	0.126866	0
uce-1110_chunk_4.tre	0.00010079	0.422923	0.0172413793103
uce-815_chunk_8.tre	0	0.0202802	0
uce-603_chunk_8.tre	0.00377478	0.391727	0.0431034482759
uce-345_chunk_4.tre	9.23518e-05	0.0611596	0.00862068965517
uce-422_chunk_5.tre	0.000273101	0.171588	0.00862068965517
uce-1087_chunk_2.tre	0.00654859	2.32585	0.0258620689655
uce-561_chunk_4.tre	0.000943169	3.0947	0.0431034482759
uce-167_chunk_3.tre	0.000804655	0.865097	0.0258620689655
uce-847_chunk_5.tre	0.000418113	0.0830202	0
uce-57_chunk_8.tre	0.000595671	19.5857	0.0344827586207
uce-758_chunk_3.tre	0.011252	4.09554	0.0258620689655
uce-799_chunk_3.tre	0.00062773	0.650682	0.051724137931
uce-761_chunk_2.tre	0.0215492	2.4438	0.0689655172414
uce-791_chunk_7.tre	0.00325702	0.961062	0.0689655172414
uce-655_chunk_4.tre	0.000426513	0.247725	0
uce-757_chunk_3.tre	0.00054748	0.127509	0.0172413793103
uce-1282_chunk_2.tre	9.41163e-05	0.0824626	0.0172413793103
uce-167_chunk_1.tre	0.0976989	12.5787	0.0862068965517
uce-471_chunk_4.tre	0.00266835	2.70853	0.0431034482759
uce-175_chunk_5.tre	0.00149821	0.583902	0.0431034482759
uce-511_chunk_1.tre	0.323669	5.90526	0.0258620689655
uce-1235_chunk_5.tre	0.000193639	0.225875	0.0172413793103
uce-174_chunk_1.tre	0.00011507	5.926	0.00862068965517
uce-712_chunk_6.tre	0.000484749	0.311581	0.0172413793103
uce-1184_chunk_6.tre	0.00171465	0.536514	0.00862068965517
uce-205_chunk_5.tre	0.0166814	0.520358	0.051724137931
uce-345_chunk_1.tre	2.71964	18.3837	0.129310344828
uce-1200_chunk_3.tre	0.00275721	1.18698	0.0172413793103
uce-802_chunk_4.tre	0.000488993	6.81438	0.0344827586207
uce-465_chunk_3.tre	0.0020139	0.216997	0.0172413793103
uce-327_chunk_4.tre	0.00471213	3.26565	0.051724137931
uce-476_chunk_6.tre	6.61215e-05	0.130334	0.0258620689655
uce-1184_chunk_3.tre	0.00314957	8.21324	0.0775862068966
uce-1224_chunk_3.tre	0.00789507	4.75098	0
uce-952_chunk_4.tre	0.000110537	0.167412	0.0431034482759
uce-1273_chunk_3.tre	0.000102757	16.3624	0.0258620689655
uce-705_chunk_5.tre	0.0151335	3.66487	0.0258620689655
uce-1260_chunk_3.tre	0.00189826	0.170265	0.0344827586207
uce-126_chunk_4.tre	0.00272517	0.219536	0.0431034482759
uce-1219_chunk_7.tre	0.00116738	1.57422	0.051724137931
uce-846_chunk_4.tre	0.000822838	0.22159	0.0344827586207
uce-1113_chunk_8.tre	9.97184e-08	0.10308	0.00862068965517
uce-603_chunk_5.tre	3.51057e-05	0.0444393	0.00862068965517
uce-952_chunk_3.tre	0.00205003	8.0686	0.0775862068966
uce-750_chunk_3.tre	0.00288332	0.362656	0.0344827586207
uce-132_chunk_3.tre	0.000524978	0.0715973	0
uce-214_chunk_3.tre	0.000270659	1.24175	0.0258620689655
uce-413_chunk_7.tre	0.0234804	1.08887	0.0862068965517
uce-173_chunk_3.tre	0.00408949	1.89188	0.00862068965517
uce-1042_chunk_5.tre	0.000540932	0.577761	0.0172413793103
uce-1091_chunk_4.tre	0.00754749	17.323	0.0431034482759
uce-1042_chunk_6.tre	0.000903974	0.573949	0.0172413793103
uce-653_chunk_5.tre	0.0337111	1.00299	0.0172413793103
uce-795_chunk_4.tre	0.000925732	0.468326	0.00862068965517
uce-653_chunk_6.tre	0.000566079	0.181192	0
uce-719_chunk_2.tre	0.437812	17.2893	0.00862068965517
uce-136_chunk_1.tre	0.813539	16.3207	0.0948275862069
uce-740_chunk_1.tre	0.00485143	2.50002	0.0775862068966
uce-846_chunk_7.tre	0.0161558	0.380383	0.0172413793103
uce-537_chunk_5.tre	0.000588353	0.97253	0.00862068965517
uce-267_chunk_8.tre	0.0103726	1.56373	0.0431034482759
uce-908_chunk_4.tre	5.95811e-14	0.246374	0.0172413793103
uce-99_chunk_3.tre	0.000680834	0.499057	0.0172413793103
uce-454_chunk_4.tre	0.000593768	0.538498	0.0172413793103
uce-1270_chunk_6.tre	0.000109217	0.235991	0.0431034482759
uce-267_chunk_4.tre	0.000992514	0.134441	0.0172413793103
uce-1211_chunk_4.tre	0.000479821	0.609592	0.0172413793103
uce-143_chunk_7.tre	9.12693e-05	0.225078	0.00862068965517
uce-323_chunk_2.tre	0.459664	40.9379	0.146551724138
uce-695_chunk_6.tre	0.000102132	0.105452	0.00862068965517
uce-227_chunk_2.tre	0.00125862	1.33147	0.0258620689655
uce-759_chunk_5.tre	0.000417713	0.0642165	0.0172413793103
uce-577_chunk_4.tre	0.0217296	1.22073	0.00862068965517
uce-1273_chunk_5.tre	0.200866	16.317	0.0172413793103
uce-494_chunk_2.tre	0.0313853	8.91282	0.051724137931
uce-646_chunk_6.tre	0.00512126	2.40209	0.0172413793103
uce-1113_chunk_4.tre	0.00042092	4.18839	0.0258620689655
uce-151_chunk_5.tre	1.42436e-05	0.061323	0.00862068965517
uce-749_chunk_6.tre	0.00099755	1.12004	0.051724137931
uce-173_chunk_5.tre	0.000355073	0.208754	0.0258620689655
uce-655_chunk_1.tre	0.00136972	26.5412	0.0689655172414
uce-552_chunk_5.tre	0.000940241	0.728403	0.0344827586207
uce-159_chunk_7.tre	0.0105075	5.2035	0.0775862068966
uce-624_chunk_7.tre	0.000341847	13.8046	0.0344827586207
uce-1186_chunk_1.tre	0.00259003	2.40634	0.0603448275862
uce-64_chunk_2.tre	0.0126289	2.51578	0.0344827586207
uce-406_chunk_3.tre	0.00283753	8.05083	0.0172413793103
uce-993_chunk_4.tre	0.00171003	0.80183	0.0344827586207
uce-1042_chunk_3.tre	0.000600666	0.587799	0.0431034482759
uce-176_chunk_4.tre	0.00016195	1.83126	0.00862068965517
uce-1270_chunk_8.tre	0.322451	22.8339	0.0862068965517
uce-21_chunk_8.tre	0.000104406	0.1996	0.0172413793103
uce-148_chunk_4.tre	0.000227936	0.399483	0.0172413793103
uce-651_chunk_1.tre	0.0680294	7.89319	0.051724137931
uce-469_chunk_5.tre	9.46095e-14	7.62264	0.0344827586207
uce-1005_chunk_4.tre	0.000382078	0.398543	0.00862068965517
uce-8_chunk_4.tre	0.000382879	0.0617047	0.0172413793103
uce-565_chunk_5.tre	9.69623e-05	0.32374	0
uce-1209_chunk_6.tre	0.135931	8.74352	0.0431034482759
uce-847_chunk_7.tre	0.0145348	3.66655	0.051724137931
uce-126_chunk_6.tre	0.00174338	15.2133	0.0603448275862
uce-1075_chunk_6.tre	0.000672202	0.390241	0
uce-446_chunk_4.tre	3.70759e-14	0.0217992	0
uce-332_chunk_6.tre	0.0019903	0.544161	0.0172413793103
uce-199_chunk_2.tre	0.000345916	0.265275	0.0344827586207
uce-38_chunk_2.tre	0.000953552	0.258472	0.051724137931
uce-140_chunk_3.tre	0.000407788	0.346092	0.00862068965517
uce-374_chunk_3.tre	0.000102197	13.2963	0.00862068965517
uce-565_chunk_6.tre	0.00234957	1.64865	0.00862068965517
uce-1243_chunk_4.tre	4.3844e-14	0.021478	0
uce-1257_chunk_1.tre	0.0443867	9.88083	0.137931034483
uce-1257_chunk_2.tre	0.00121631	0.193913	0.00862068965517
uce-1282_chunk_6.tre	5.18897e-05	0.136196	0.051724137931
uce-106_chunk_6.tre	0.0364794	15.0064	0
uce-739_chunk_8.tre	0.00445636	7.26041	0.0258620689655
uce-846_chunk_5.tre	0.000246259	0.515099	0.00862068965517
uce-1293_chunk_3.tre	1.07732e-13	0.347919	0.00862068965517
uce-847_chunk_3.tre	0.0148339	2.67237	0.0689655172414
uce-446_chunk_6.tre	4.37053e-05	0.33111	0.0172413793103
uce-748_chunk_4.tre	0.000641681	0.507534	0.00862068965517
uce-784_chunk_8.tre	0.000192419	0.436516	0.0258620689655
uce-651_chunk_4.tre	0.00045722	0.65802	0.00862068965517
uce-192_chunk_2.tre	0.000642853	0.854235	0.0172413793103
uce-954_chunk_2.tre	0.179138	1.84674	0.112068965517
uce-107_chunk_5.tre	0.00136651	0.234439	0.0258620689655
uce-96_chunk_7.tre	0.0110081	4.41515	0.0689655172414
uce-855_chunk_5.tre	0.00012276	0.0692196	0.0344827586207
uce-748_chunk_6.tre	0.000180626	0.318135	0
uce-924_chunk_3.tre	0.00026951	0.575098	0.0172413793103
uce-107_chunk_2.tre	0.031834	6.69034	0.0431034482759
uce-605_chunk_5.tre	0.00180368	0.33864	0.0344827586207
uce-672_chunk_4.tre	0.110141	10.7205	0.051724137931
uce-893_chunk_2.tre	0.0103538	2.8192	0.0603448275862
uce-759_chunk_8.tre	0.0206881	0.738173	0.0258620689655
uce-323_chunk_6.tre	5.56096e-05	0.040242	0.0172413793103
uce-1062_chunk_5.tre	0	0.113443	0.0258620689655
uce-1054_chunk_3.tre	0.000202747	0.081779	0.0172413793103
uce-691_chunk_3.tre	0.151889	7.94299	0.0258620689655
uce-1027_chunk_7.tre	0.00992152	20.8136	0.0431034482759
uce-924_chunk_4.tre	0.00113324	0.105131	0.0172413793103
uce-368_chunk_1.tre	0.0718024	9.94943	0.103448275862
uce-345_chunk_6.tre	0.00221586	48.8039	0.0172413793103
uce-649_chunk_5.tre	0.000598201	0.707637	0.0344827586207
uce-454_chunk_5.tre	0.00341421	0.368902	0
uce-600_chunk_2.tre	0.00566208	0.869443	0.051724137931
uce-883_chunk_2.tre	0.213992	2.7802	0.0431034482759
uce-303_chunk_1.tre	0.00433576	1.90373	0.051724137931
uce-1113_chunk_11.tre	5.13883e-05	0.482255	0
uce-653_chunk_4.tre	0.00118494	1.3039	0.0172413793103
uce-1092_chunk_5.tre	4.28219e-14	14.2945	0.0258620689655
uce-1177_chunk_4.tre	5.45556e-14	8.69782	0.00862068965517
uce-705_chunk_1.tre	0.0770259	2.03043	0.0775862068966
uce-252_chunk_3.tre	0.000596254	0.24707	0.0172413793103
uce-893_chunk_1.tre	0.0518344	38.7966	0.0258620689655
uce-309_chunk_4.tre	0.000572979	1.05215	0.0258620689655
uce-227_chunk_5.tre	0.00116302	21.0622	0.0258620689655
uce-3_chunk_4.tre	0.000478863	0.93618	0.00862068965517
uce-1277_chunk_4.tre	0.0099982	3.97197	0.0431034482759
uce-495_chunk_1.tre	0.0158583	22.3744	0.112068965517
uce-968_chunk_6.tre	0.000305264	0.0708596	0.00862068965517
uce-495_chunk_2.tre	0.00125018	0.728462	0.0689655172414
uce-89_chunk_3.tre	5.10315e-14	0.0858873	0
uce-649_chunk_3.tre	0.00932942	4.67948	0.0172413793103
uce-54_chunk_6.tre	52.5345	44.6068	0.0258620689655
uce-1228_chunk_6.tre	0.000124292	0.41212	0.0172413793103
uce-1160_chunk_2.tre	0.00673755	0.215905	0.0172413793103
uce-549_chunk_2.tre	0.000148844	0.124289	0.0172413793103
uce-690_chunk_3.tre	0.000906796	0.0849351	0.0172413793103
uce-661_chunk_7.tre	0.0285573	2.93175	0.0948275862069
uce-267_chunk_5.tre	0.000473411	0.186029	0.0172413793103
uce-655_chunk_2.tre	0.0010899	0.185448	0.0431034482759
uce-1263_chunk_2.tre	0.00170414	1.15498	0.0775862068966
uce-1256_chunk_2.tre	4.42635e-14	0.0876192	0.0172413793103
uce-6_chunk_3.tre	0.000292681	3.83182	0.0344827586207
uce-136_chunk_2.tre	0.00343246	1.04987	0.0603448275862
uce-1317_chunk_6.tre	0.00515189	3.21306	0.0689655172414
uce-556_chunk_4.tre	0.0811516	13.4045	0.0775862068966
uce-563_chunk_6.tre	0.00496097	0.245809	0.0689655172414
uce-413_chunk_6.tre	0.000265245	0.0626653	0.0344827586207
uce-422_chunk_7.tre	0.00133404	30.4924	0.0431034482759
uce-563_chunk_5.tre	0.000265676	0.082961	0.00862068965517
uce-469_chunk_7.tre	0.00403059	0.460362	0.0344827586207
uce-552_chunk_1.tre	0.0402221	7.14482	0.0689655172414
uce-332_chunk_5.tre	0.00073109	1.01994	0.00862068965517
uce-84_chunk_5.tre	0.000228529	0.342376	0.0258620689655
uce-1293_chunk_5.tre	0.00316836	1.41209	0.0431034482759
uce-712_chunk_4.tre	0.000106295	0.0630419	0.00862068965517
uce-219_chunk_3.tre	0.0447542	8.44478	0.0172413793103
uce-858_chunk_3.tre	0.00890334	1.24415	0.0172413793103
uce-526_chunk_2.tre	0.000695025	0.213608	0.00862068965517
uce-495_chunk_4.tre	0.00566393	1.34614	0.0258620689655
uce-982_chunk_6.tre	0.00237319	2.12901	0.0344827586207
uce-124_chunk_4.tre	0.000312199	0.152719	0.0258620689655
uce-124_chunk_7.tre	0.10746	13.6906	0.00862068965517
uce-392_chunk_5.tre	0.0201448	5.85576	0.0431034482759
uce-309_chunk_5.tre	0.00158156	1.8386	0.0258620689655
uce-332_chunk_4.tre	0.00178577	0.504302	0.0172413793103
uce-649_chunk_4.tre	9.36708e-05	0.223167	0.00862068965517
uce-918_chunk_4.tre	0.00456117	1.59112	0.0603448275862
uce-537_chunk_8.tre	0.00598744	3.00549	0.0603448275862
uce-1256_chunk_4.tre	0.00231063	1.11902	0.0603448275862
uce-603_chunk_6.tre	9.98331e-05	0.0403559	0.00862068965517
uce-99_chunk_5.tre	0.000778276	0.233457	0.0172413793103
uce-84_chunk_4.tre	0.00150478	1.164	0
uce-1054_chunk_4.tre	9.2374e-05	0.0409118	0.00862068965517
uce-1257_chunk_3.tre	0.00368705	0.597026	0.0344827586207
uce-537_chunk_4.tre	0.000108367	0.330912	0.0172413793103
uce-695_chunk_5.tre	0.000170131	0.305741	0.0172413793103
uce-541_chunk_1.tre	0.000276708	0.450994	0.0258620689655
uce-1123_chunk_3.tre	0.167102	18.9357	0.0172413793103
uce-690_chunk_4.tre	0.00191462	0.174206	0.0344827586207
uce-1075_chunk_3.tre	0.00709211	0.286577	0.00862068965517
uce-1054_chunk_2.tre	0.278021	2.11896	0.0172413793103
uce-383_chunk_4.tre	0.000664824	3.70535	0.0258620689655
uce-691_chunk_2.tre	0.00338058	3.84837	0.0344827586207
uce-327_chunk_6.tre	0.000102421	0.114701	0.0172413793103
uce-1219_chunk_3.tre	0.000157198	0.387522	0.0172413793103
uce-915_chunk_3.tre	6.92228	42.433	0.0258620689655
uce-273_chunk_3.tre	0.000292756	0.227208	0.0172413793103
uce-717_chunk_5.tre	0.00109663	0.270122	0.0172413793103
uce-509_chunk_9.tre	0.00122155	0.774598	0.0258620689655
uce-909_chunk_4.tre	0.2618	65.1752	0.0862068965517
uce-238_chunk_5.tre	0.000820443	18.6196	0.0431034482759
uce-200_chunk_3.tre	0.000316475	0.280325	0.0172413793103
uce-682_chunk_5.tre	0.000265993	0.29199	0.00862068965517
uce-1025_chunk_6.tre	0.0492022	15.4519	0.0603448275862
uce-1279_chunk_6.tre	0.000278834	0.149617	0.0172413793103
uce-1062_chunk_6.tre	5.39294e-14	0.0463829	0
uce-718_chunk_4.tre	0.000234424	0.851658	0.0172413793103
uce-603_chunk_4.tre	0.000575404	0.498874	0.0258620689655
uce-1091_chunk_3.tre	0.00021237	0.484756	0.0172413793103
uce-1249_chunk_7.tre	0.000128336	0.221013	0.0258620689655
uce-718_chunk_2.tre	0.0127109	4.64883	0.0431034482759
uce-309_chunk_3.tre	0.00214243	0.264191	0.0172413793103
uce-805_chunk_7.tre	0	0.0230298	0
uce-540_chunk_4.tre	0.000919552	0.101111	0.00862068965517
uce-368_chunk_2.tre	0.000461548	0.228578	0.0344827586207
uce-759_chunk_6.tre	6.55694e-05	0.198088	0
uce-750_chunk_1.tre	0.0160193	5.40797	0.0258620689655
uce-1209_chunk_3.tre	0.000657083	0.332868	0.00862068965517
uce-682_chunk_3.tre	0.00334289	0.935803	0.0431034482759
uce-442_chunk_3.tre	0.000404476	0.499412	0.0172413793103
uce-1249_chunk_5.tre	9.39953e-05	0.129088	0.00862068965517
uce-1092_chunk_4.tre	0.00950359	19.4458	0.0344827586207
uce-1184_chunk_5.tre	0.000360947	0.554727	0.0172413793103
uce-1209_chunk_4.tre	0.00235471	0.175206	0.0431034482759
uce-1042_chunk_4.tre	0.00093458	0.255839	0.00862068965517
uce-172_chunk_3.tre	0.0069051	0.238831	0.00862068965517
uce-406_chunk_7.tre	0.000244105	0.228659	0.0258620689655
uce-653_chunk_7.tre	0.00246726	0.960161	0.0344827586207
uce-1219_chunk_4.tre	0.000462714	0.599893	0.0258620689655
uce-737_chunk_4.tre	4.78973e-14	0.0214334	0
uce-192_chunk_4.tre	0.000681293	0.617743	0.0344827586207
uce-511_chunk_2.tre	0.00127536	0.280091	0.0603448275862
uce-176_chunk_3.tre	0.103446	6.65211	0.0344827586207
uce-1263_chunk_4.tre	0.0187137	3.75387	0.0258620689655
uce-784_chunk_9.tre	0.00117756	0.177718	0.0344827586207
uce-1205_chunk_7.tre	0.00119087	0.281078	0
uce-705_chunk_6.tre	0.000367568	0.145901	0.0172413793103
uce-795_chunk_7.tre	0.0592941	5.92389	0.00862068965517
uce-267_chunk_6.tre	3.56553e-14	0.0644398	0
uce-1062_chunk_8.tre	0.0290748	0.583538	0
uce-736_chunk_4.tre	0.00151949	1.26249	0.051724137931
uce-603_chunk_7.tre	0.00506643	2.15125	0.0948275862069
uce-954_chunk_3.tre	0.00354218	1.6538	0.0344827586207
uce-682_chunk_4.tre	4.94135e-14	0.144141	0.00862068965517
uce-359_chunk_6.tre	0.00040522	0.601926	0
uce-833_chunk_4.tre	0.0018321	32.1846	0.0172413793103
uce-1277_chunk_5.tre	0.00178929	24.0703	0.0172413793103
uce-791_chunk_2.tre	0.000125304	0.310736	0.0344827586207
uce-96_chunk_4.tre	0.000576557	0.752978	0.0344827586207
uce-471_chunk_5.tre	3.98661e-14	1.22931	0
uce-1224_chunk_4.tre	0.00501388	0.784049	0.0344827586207
uce-552_chunk_2.tre	0.0401802	4.74292	0.0603448275862
uce-1027_chunk_3.tre	0.0192559	1.51876	0.0258620689655
uce-124_chunk_5.tre	0.000103476	0.0407384	0.00862068965517
uce-200_chunk_1.tre	0.0691293	9.22869	0.0258620689655
uce-99_chunk_7.tre	1.22682	47.2623	0.0172413793103
uce-414_chunk_3.tre	0.00261353	5.8733	0.0431034482759
uce-915_chunk_4.tre	2.6173	42.7902	0.0258620689655
uce-287_chunk_4.tre	0.00267175	0.490038	0.0431034482759
uce-1324_chunk_1.tre	0.000928135	1.06037	0.0431034482759
uce-566_chunk_2.tre	0.00167615	1.2169	0.0603448275862
uce-805_chunk_8.tre	0.0100429	3.63195	0.0603448275862
uce-830_chunk_5.tre	0.000557067	0.107905	0
uce-8_chunk_6.tre	0.000170385	0.371772	0.0172413793103
uce-894_chunk_5.tre	0.000125973	0.0489702	0
uce-106_chunk_1.tre	1.65454	28.6055	0.0775862068966
uce-465_chunk_4.tre	0.000924503	0.0825542	0.0431034482759
uce-815_chunk_4.tre	0.0209304	1.68287	0.0172413793103
uce-541_chunk_3.tre	9.42961e-05	0.197461	0.0258620689655
uce-509_chunk_10.tre	0.0137124	38.7918	0.0172413793103
uce-1176_chunk_3.tre	0.078889	4.57593	0.0431034482759
uce-1235_chunk_4.tre	0.00672032	4.18636	0.0775862068966
uce-54_chunk_3.tre	0.000113717	16.3443	0.0172413793103
uce-251_chunk_5.tre	0.00556244	1.68284	0.0172413793103
uce-363_chunk_6.tre	0.00391117	0.789033	0.0258620689655
uce-149_chunk_3.tre	0.0037774	2.18865	0.00862068965517
uce-749_chunk_4.tre	0.000902278	0.374647	0.0258620689655
uce-893_chunk_3.tre	0.0023834	1.45041	0.0172413793103
uce-120_chunk_3.tre	0.000322503	0.0680609	0.00862068965517
uce-847_chunk_4.tre	0.11981	2.11872	0.0689655172414
uce-31_chunk_4.tre	0.000934607	0.27266	0.00862068965517
uce-1205_chunk_4.tre	0.0012547	0.966778	0.00862068965517
uce-106_chunk_5.tre	0.0410042	10.647	0.0775862068966
uce-64_chunk_1.tre	0.28436	4.84614	0.0258620689655
uce-251_chunk_3.tre	0.00209275	0.837873	0.0344827586207
uce-494_chunk_5.tre	0.00126633	5.31786	0.0258620689655
uce-737_chunk_3.tre	0.000666901	0.166758	0.0172413793103
uce-359_chunk_4.tre	0.0086673	1.28681	0.0258620689655
uce-359_chunk_5.tre	0.0130935	0.333084	0.0344827586207
uce-323_chunk_5.tre	0.000140751	0.141939	0.0172413793103
uce-465_chunk_5.tre	0.0517039	9.26692	0.0775862068966
uce-353_chunk_4.tre	0.0579416	9.44314	0.0431034482759
uce-649_chunk_6.tre	0.0464893	29.4805	0.0344827586207
uce-187_chunk_2.tre	0.00077468	0.145721	0.0344827586207
uce-449_chunk_4.tre	0.00238934	0.185567	0.0258620689655
uce-345_chunk_5.tre	0.00238493	1.10156	0.0172413793103
uce-88_chunk_1.tre	0.0484276	9.11239	0.0948275862069
uce-57_chunk_6.tre	0.000286039	0.171782	0
uce-413_chunk_3.tre	0.00591284	1.05702	0.0431034482759
uce-565_chunk_4.tre	0.0486623	4.24005	0.00862068965517
uce-136_chunk_3.tre	0.000526002	0.822572	0.051724137931
uce-1249_chunk_3.tre	0.00676471	8.46259	0.0344827586207
uce-54_chunk_5.tre	0.0138661	5.56652	0.0344827586207
uce-1317_chunk_5.tre	0.00212388	0.234757	0.051724137931
uce-736_chunk_5.tre	0.00511066	2.16891	0.0172413793103
uce-1228_chunk_5.tre	6.65167e-05	0.0629447	0.0344827586207
uce-1323_chunk_5.tre	0.173737	22.3068	0.0258620689655
uce-1044_chunk_1.tre	0.0107242	29.3926	0.0603448275862
uce-805_chunk_6.tre	9.56919e-05	0.0652487	0.00862068965517
uce-740_chunk_3.tre	0.00801809	1.35462	0.0603448275862
uce-335_chunk_5.tre	0.000521233	0.103554	0.0344827586207
uce-143_chunk_4.tre	0.0123541	4.14915	0.0258620689655
uce-323_chunk_3.tre	0.00100667	0.201181	0.0258620689655
uce-646_chunk_4.tre	0.000205136	0.227714	0.00862068965517
uce-832_chunk_5.tre	4.19326e-14	0.164802	0.0258620689655
uce-1273_chunk_2.tre	0.00189467	4.19419	0.0258620689655
uce-1007_chunk_6.tre	0.0014391	0.146236	0.00862068965517
uce-406_chunk_6.tre	0.000822617	0.18364	0.0172413793103
uce-345_chunk_3.tre	0.00047653	0.534717	0.0344827586207
uce-1279_chunk_5.tre	0.000125219	1.30349	0.0603448275862
uce-392_chunk_3.tre	6.82824e-05	0.202004	0
uce-736_chunk_3.tre	0.00100513	1.06678	0.0258620689655
uce-219_chunk_2.tre	0.107175	4.03248	0.0344827586207
uce-672_chunk_3.tre	9.57138e-05	0.0412612	0.0172413793103
uce-359_chunk_7.tre	0	0.0203467	0.00862068965517
uce-124_chunk_3.tre	0.000231289	0.868158	0.0172413793103
uce-175_chunk_6.tre	0.00184173	0.518024	0.0431034482759
uce-577_chunk_6.tre	5.10985e-05	0.119959	0.00862068965517
uce-89_chunk_4.tre	0.000121437	14.1435	0.00862068965517
uce-392_chunk_4.tre	8.46115e-14	0.238097	0.00862068965517
uce-185_chunk_4.tre	0.352788	12.0325	0.051724137931
uce-968_chunk_5.tre	0.000329239	0.111562	0.0258620689655
uce-495_chunk_3.tre	0.00121016	0.0958465	0.00862068965517
uce-383_chunk_2.tre	0.401992	6.12127	0.0948275862069
uce-952_chunk_7.tre	0.0346451	4.18018	0.0344827586207
uce-1187_chunk_4.tre	0.000940847	0.305578	0.0172413793103
uce-129_chunk_5.tre	0	0.0211935	0.0258620689655
uce-129_chunk_6.tre	0.000746459	1.20717	0.0172413793103
uce-894_chunk_3.tre	0.000103861	1.6949	0.00862068965517
uce-706_chunk_4.tre	0.000519941	0.398101	0.0258620689655
uce-870_chunk_3.tre	0.0445465	8.41344	0.0431034482759
uce-1323_chunk_3.tre	0.00208356	1.27885	0.00862068965517
uce-273_chunk_5.tre	0.00161101	3.06919	0.0431034482759
uce-1093_chunk_3.tre	0.00355732	0.443413	0.0431034482759
uce-1184_chunk_8.tre	0.00366065	1.54897	0.0172413793103
uce-303_chunk_3.tre	0.000327724	0.356874	0.00862068965517
uce-706_chunk_6.tre	0.00288797	15.4008	0.0172413793103
uce-157_chunk_5.tre	0.000363126	0.103947	0.0258620689655
uce-1229_chunk_2.tre	0.000720492	0.429763	0.0172413793103
uce-717_chunk_7.tre	0.0123315	1.82967	0.0344827586207
uce-541_chunk_2.tre	0.00204201	0.116787	0.0258620689655
uce-1025_chunk_4.tre	0.00011509	0.092227	0.0258620689655
uce-411_chunk_6.tre	7.2311e-14	3.17382	0
uce-1228_chunk_8.tre	0.0159427	0.613752	0.0603448275862
uce-3_chunk_2.tre	0.00101724	0.244383	0.0172413793103
uce-832_chunk_6.tre	0.000545151	0.696112	0.051724137931
uce-661_chunk_6.tre	0.00131941	1.27927	0.0603448275862
uce-1196_chunk_4.tre	0.00027601	0.432421	0.0172413793103
uce-802_chunk_5.tre	0.000753202	1.61681	0.0258620689655
uce-1324_chunk_4.tre	0.00113961	0.696337	0.0172413793103
uce-802_chunk_6.tre	0.00324058	24.7426	0.00862068965517
uce-653_chunk_9.tre	0.439991	20.4515	0.0775862068966
uce-561_chunk_8.tre	0.00133589	0.433739	0.0689655172414
uce-791_chunk_6.tre	0.000801727	0.191313	0.0172413793103
uce-894_chunk_8.tre	0.000189853	0.130507	0
uce-413_chunk_5.tre	9.31722e-05	0.0408173	0.0172413793103
uce-98_chunk_5.tre	0.116996	12.325	0.0431034482759
uce-546_chunk_3.tre	0.000604188	0.829538	0.0258620689655
uce-954_chunk_5.tre	0.00782652	4.70117	0.0948275862069
uce-987_chunk_7.tre	0.000468496	0.0743598	0.0172413793103
uce-832_chunk_3.tre	0.0015828	40.5313	0.0603448275862
uce-205_chunk_8.tre	0.347773	44.2122	0.112068965517
uce-107_chunk_4.tre	9.86583e-05	0.39392	0.0258620689655
uce-1186_chunk_2.tre	4.14813e-14	0.114523	0.0172413793103
uce-1061_chunk_3.tre	0.000678129	0.776269	0.0431034482759
uce-909_chunk_7.tre	0.00129841	1.07082	0.0775862068966
uce-6_chunk_4.tre	0.00359598	1.02024	0.0431034482759
uce-205_chunk_4.tre	0.0213633	29.7464	0.0344827586207
uce-205_chunk_7.tre	0.0490761	4.59124	0.00862068965517
uce-739_chunk_7.tre	0.0186659	3.29853	0.0344827586207
uce-952_chunk_5.tre	5.83082e-05	0.0621653	0
uce-21_chunk_6.tre	0.000161516	0.454285	0.0172413793103
uce-252_chunk_4.tre	0.000100967	0.166618	0.00862068965517
uce-96_chunk_8.tre	0.00843014	4.06535	0.0862068965517
uce-577_chunk_5.tre	3.93663e-14	0.524264	0
uce-893_chunk_4.tre	0.000626137	0.558827	0.0344827586207
uce-566_chunk_1.tre	0.00845292	11.6491	0.103448275862
uce-750_chunk_2.tre	9.98553e-05	0.170864	0.00862068965517
uce-509_chunk_11.tre	2.7695	26.5251	0.0172413793103
uce-1224_chunk_5.tre	0.00209671	0.136612	0.0258620689655
uce-414_chunk_4.tre	0.00137196	0.126464	0
uce-1263_chunk_6.tre	0.00182468	1.20429	0.0948275862069
uce-1205_chunk_6.tre	0.000320553	0.584102	0.00862068965517
uce-706_chunk_7.tre	0.0114516	26.7722	0.0431034482759
uce-335_chunk_3.tre	0.064039	1.15492	0.0948275862069
uce-408_chunk_5.tre	0.00166491	1.03198	0.00862068965517
uce-57_chunk_4.tre	0.621612	9.65679	0.00862068965517
uce-605_chunk_3.tre	4.81721e-14	0.0863714	0
uce-739_chunk_3.tre	0.000400038	0.309667	0.00862068965517
uce-108_chunk_2.tre	0.000145101	0.104494	0.00862068965517
uce-713_chunk_4.tre	0.010163	1.75875	0.0258620689655
uce-695_chunk_8.tre	0.00338691	0.751474	0.0603448275862
uce-833_chunk_6.tre	7.83179e-05	0.207859	0.0344827586207
uce-556_chunk_3.tre	0.00113915	0.906775	0.0344827586207
uce-435_chunk_6.tre	0.000423271	0.121755	0.0172413793103
uce-1005_chunk_1.tre	0.0118495	3.28561	0.0431034482759
uce-987_chunk_9.tre	0.00494106	0.293638	0.0948275862069
uce-705_chunk_4.tre	4.16131e-14	0.0215778	0
uce-757_chunk_4.tre	0.00041035	0.590447	0.0172413793103
uce-1249_chunk_9.tre	0.000752678	7.66218	0.0344827586207
uce-149_chunk_5.tre	0.020549	1.14127	0.0258620689655
uce-815_chunk_9.tre	0.00205809	1.48736	0.0344827586207
uce-714_chunk_4.tre	0.0254623	6.94456	0.0344827586207
uce-476_chunk_7.tre	0.0004356	0.416552	0.0344827586207
uce-1007_chunk_4.tre	0.00491415	1.62034	0.0258620689655
uce-1296_chunk_5.tre	0.00194606	20.3317	0.0258620689655
uce-175_chunk_4.tre	0	0.0205198	0.0172413793103
uce-140_chunk_5.tre	0.00114964	1.44465	0.0172413793103
uce-31_chunk_3.tre	0.000553364	0.468242	0.0172413793103
uce-21_chunk_5.tre	0.00865097	4.55351	0.0258620689655
uce-1286_chunk_3.tre	0.00184828	1.39054	0.0258620689655
uce-200_chunk_4.tre	5.218e-05	0.226943	0
uce-38_chunk_6.tre	0.117551	13.362	0.0775862068966
uce-108_chunk_4.tre	0.000328749	0.162498	0.00862068965517
uce-815_chunk_6.tre	0.000715661	0.319444	0.0258620689655
uce-136_chunk_6.tre	0.0267302	4.59114	0.0258620689655
uce-31_chunk_8.tre	4.86242e-14	0.063641	0
uce-749_chunk_2.tre	0.175512	12.7318	0.051724137931
uce-691_chunk_1.tre	3.57333	68.8152	0.0603448275862
uce-1113_chunk_9.tre	0.000294326	0.118982	0.00862068965517
uce-408_chunk_6.tre	0.000757268	1.09514	0.0172413793103
uce-1113_chunk_5.tre	0.00122147	0.143624	0
uce-572_chunk_1.tre	0.770269	31.0139	0.0689655172414
uce-252_chunk_6.tre	0.000104619	0.0432584	0
uce-151_chunk_7.tre	0.000102542	0.431585	0.0172413793103
uce-1123_chunk_4.tre	0.000833678	0.203696	0.00862068965517
uce-1317_chunk_9.tre	0.144995	13.4164	0.0862068965517
uce-1027_chunk_4.tre	4.1211e-14	0.0413522	0.0172413793103
uce-287_chunk_2.tre	0.000133886	0.332039	0.0258620689655
uce-406_chunk_8.tre	0.0148305	1.68746	0.00862068965517
uce-174_chunk_4.tre	6.58608	58.4627	0.0258620689655
uce-990_chunk_5.tre	0.000585335	0.26672	0.00862068965517
uce-775_chunk_2.tre	0.000515115	0.148435	0.00862068965517
uce-990_chunk_6.tre	0.00094109	0.564647	0.0344827586207
uce-830_chunk_4.tre	8.36654e-05	0.0607946	0.0172413793103
uce-8_chunk_2.tre	0.00909681	20.284	0.0775862068966
uce-714_chunk_1.tre	0.0380932	5.97327	0.00862068965517
uce-1282_chunk_4.tre	0.000105867	0.107709	0
uce-422_chunk_8.tre	0.000925088	1.80932	0.0431034482759
uce-563_chunk_4.tre	0.0047425	2.64523	0.103448275862
uce-1282_chunk_3.tre	6.85505e-14	1.34455	0.00862068965517
uce-460_chunk_3.tre	0.184681	20.6501	0.0258620689655
uce-1256_chunk_3.tre	0.000375295	0.0612075	0.0258620689655
uce-1061_chunk_4.tre	0.00208201	0.202091	0.00862068965517
uce-1228_chunk_7.tre	0.000188456	0.679992	0.0258620689655
uce-465_chunk_2.tre	1.65767e-13	28.1246	0.0431034482759
uce-183_chunk_6.tre	6.79333e-05	1.18181	0.0172413793103
uce-157_chunk_7.tre	0.163848	13.508	0.198275862069
uce-830_chunk_6.tre	0.0015891	0.570273	0.0689655172414
uce-476_chunk_5.tre	0.00541805	2.14378	0.0172413793103
uce-1211_chunk_3.tre	0.00391489	0.956037	0.0344827586207
uce-815_chunk_7.tre	1.89661e-05	0.152269	0.00862068965517
uce-450_chunk_3.tre	0.000444526	1.33148	0.0344827586207
uce-454_chunk_3.tre	0.00133723	0.282445	0.00862068965517
uce-924_chunk_1.tre	0.000782883	0.881496	0.0172413793103
uce-858_chunk_5.tre	0.00141821	1.2362	0.0431034482759
uce-1200_chunk_2.tre	0.00117387	0.932907	0.0344827586207
uce-759_chunk_7.tre	1.06111e-13	0.135323	0.00862068965517
uce-54_chunk_2.tre	7.83071e-05	0.0617692	0.0258620689655
uce-192_chunk_3.tre	1.08107e-13	0.0630947	0
uce-183_chunk_3.tre	0.00730596	0.780192	0.0344827586207
uce-143_chunk_6.tre	0.000301262	0.105741	0
uce-214_chunk_4.tre	1.93798e-13	0.334229	0.0258620689655
uce-173_chunk_4.tre	0.00269066	1.28485	0.0344827586207
uce-1235_chunk_11.tre	0.00274482	1.99197	0.0431034482759
uce-1093_chunk_4.tre	0.0290404	3.31539	0.0344827586207
uce-797_chunk_4.tre	0.00178567	1.86768	0.00862068965517
uce-954_chunk_4.tre	0.00036583	0.750816	0.0431034482759
uce-363_chunk_5.tre	0.000318446	0.231065	0.0172413793103
uce-167_chunk_2.tre	0.000967954	0.301404	0.0172413793103
uce-159_chunk_5.tre	0.000281335	0.632016	0
uce-120_chunk_4.tre	0.000913127	0.156071	0.0258620689655
uce-57_chunk_9.tre	0.129361	1.33904	0.00862068965517
uce-422_chunk_9.tre	0.00285838	1.81121	0.051724137931
uce-273_chunk_1.tre	0.00105991	1.01824	0.0431034482759
uce-368_chunk_3.tre	0.000380543	0.0615309	0.0172413793103
uce-192_chunk_5.tre	0.00359572	6.73995	0.0431034482759
uce-124_chunk_6.tre	0.0377245	2.16739	0.0172413793103
uce-126_chunk_3.tre	0.101031	13.9331	0.181034482759
uce-327_chunk_5.tre	0.000193201	0.412484	0.0172413793103
uce-1044_chunk_2.tre	0.00607604	3.90192	0.0344827586207
uce-140_chunk_2.tre	0.00300314	19.9774	0.0172413793103
uce-1092_chunk_3.tre	0.00620117	3.48089	0.0172413793103
uce-61_chunk_3.tre	0.00438689	2.79882	0.0603448275862
uce-1196_chunk_2.tre	0.0681111	4.84048	0.0603448275862
uce-88_chunk_2.tre	0.0409456	8.91252	0.0689655172414
uce-219_chunk_1.tre	31.1362	45.8626	0.0258620689655
uce-561_chunk_6.tre	0.000306184	0.489124	0
uce-449_chunk_1.tre	0.0421185	11.8454	0.112068965517
uce-561_chunk_5.tre	0.000101279	0.217677	0.0258620689655
uce-1260_chunk_2.tre	0.000240733	0.227041	0.00862068965517
uce-89_chunk_2.tre	0.00101776	0.203166	0.0172413793103
uce-1317_chunk_8.tre	0.022128	17.5221	0.120689655172
uce-21_chunk_7.tre	0.00013658	0.0611445	0.0172413793103
uce-1187_chunk_2.tre	0.00134319	1.16227	0.0431034482759
uce-469_chunk_4.tre	4.08147e-14	13.9555	0.0172413793103
uce-1243_chunk_7.tre	0.00481833	0.305222	0.0172413793103
uce-303_chunk_2.tre	4.03526e-14	0.0686964	0
uce-719_chunk_3.tre	0.000179375	1.05416	0
uce-1091_chunk_2.tre	1.72872	35.7426	0.0431034482759
uce-1007_chunk_8.tre	0	0.0209475	0.0172413793103
uce-157_chunk_4.tre	9.97336e-05	0.0610665	0.00862068965517
uce-476_chunk_8.tre	9.58804e-05	0.15577	0.0172413793103
uce-1229_chunk_3.tre	8.01141e-05	0.107936	0
uce-159_chunk_6.tre	0.00215141	0.238511	0.0172413793103
uce-802_chunk_3.tre	0.00871002	2.47234	0.0344827586207
uce-546_chunk_2.tre	0.00100203	0.968253	0.0344827586207
uce-252_chunk_5.tre	0.00104502	0.267191	0.0258620689655
uce-1235_chunk_9.tre	0.000260028	0.349075	0.0172413793103
uce-894_chunk_7.tre	0.000416196	0.247242	0.0172413793103
uce-918_chunk_3.tre	0.0478224	4.52321	0.0431034482759
uce-653_chunk_8.tre	0.0229609	1.14787	0.0172413793103
uce-1205_chunk_3.tre	0.150409	41.6231	0.051724137931
uce-1242_chunk_3.tre	0.00155254	0.443795	0.0344827586207
uce-993_chunk_3.tre	0.000427283	0.149963	0.00862068965517
uce-915_chunk_1.tre	0.000301149	0.407888	0
uce-784_chunk_4.tre	0.00506599	1.11114	0.0431034482759
uce-1243_chunk_3.tre	0	0.0478586	0.00862068965517
uce-769_chunk_4.tre	0.000116122	0.182608	0.0258620689655
uce-140_chunk_4.tre	0.00264711	0.930423	0.00862068965517
uce-846_chunk_6.tre	0.000397582	0.126652	0.00862068965517
uce-784_chunk_10.tre	0.040559	7.47848	0.0258620689655
uce-990_chunk_7.tre	0.000442524	0.129075	0.00862068965517
uce-1224_chunk_6.tre	0.0010277	1.15565	0.0258620689655
uce-359_chunk_10.tre	0.346058	15.7764	0.051724137931
uce-799_chunk_2.tre	0.00121303	1.68621	0.051724137931
uce-136_chunk_4.tre	0.00039064	0.0623038	0.00862068965517
uce-1324_chunk_2.tre	8.30856e-05	0.237878	0.0172413793103
uce-1054_chunk_5.tre	5.78362e-14	0.622056	0.00862068965517
uce-199_chunk_3.tre	0.00053426	0.775139	0.0258620689655
uce-952_chunk_6.tre	0.000338028	0.131022	0
uce-1211_chunk_1.tre	0.230917	25.1792	0.0689655172414
uce-1296_chunk_3.tre	0.000401068	0.120231	0
uce-651_chunk_3.tre	0.000101578	0.195989	0.0258620689655
uce-982_chunk_4.tre	0.000601162	0.369484	0.0689655172414
uce-335_chunk_6.tre	0.00674299	3.06144	0.0344827586207
uce-769_chunk_3.tre	0.000702377	1.10844	0.0431034482759
uce-251_chunk_6.tre	0.0227178	11.1636	0.0258620689655
uce-795_chunk_5.tre	0.000209903	0.421969	0.00862068965517
uce-990_chunk_4.tre	0.000395266	0.419864	0.0172413793103
uce-1042_chunk_2.tre	0.000118095	2.00984	0.0344827586207
uce-332_chunk_3.tre	4.05513e-14	0.0938248	0.00862068965517
uce-183_chunk_5.tre	0.000582542	0.348171	0.0344827586207
uce-442_chunk_4.tre	0.0601256	6.07482	0.0258620689655
uce-791_chunk_4.tre	8.03685e-05	0.081368	0.00862068965517
uce-1205_chunk_5.tre	9.35692e-05	0.0410682	0
uce-757_chunk_2.tre	0.00223783	1.77021	0.0258620689655
uce-84_chunk_6.tre	0.000151335	0.481316	0.00862068965517
uce-1196_chunk_6.tre	0.00224347	1.35843	0.0775862068966
uce-435_chunk_4.tre	0.0105743	3.28714	0.0689655172414
uce-129_chunk_4.tre	0.00170562	1.17653	0.0172413793103
uce-107_chunk_3.tre	0.00639712	35.9269	0.0689655172414
uce-757_chunk_5.tre	9.78531e-05	0.266987	0.0172413793103
uce-1279_chunk_8.tre	0.00655351	0.532267	0.051724137931
uce-149_chunk_6.tre	37.6573	126.23	0.0172413793103
uce-3_chunk_5.tre	0.112098	10.0068	0.112068965517
uce-600_chunk_1.tre	0.0264865	8.79346	0.0689655172414
uce-323_chunk_7.tre	0.0277208	29.7796	0.0603448275862
uce-353_chunk_3.tre	0.00072258	2.74308	0.0258620689655
uce-199_chunk_5.tre	4.80118e-14	0.065006	0.00862068965517
uce-205_chunk_6.tre	0.00229311	0.269328	0.0172413793103
uce-982_chunk_5.tre	0.000382628	0.0620085	0.00862068965517
uce-238_chunk_4.tre	0.00103241	1.73131	0.0344827586207
uce-847_chunk_6.tre	0.000146203	15.8182	0.0344827586207
uce-374_chunk_5.tre	0.0441048	1.70741	0.0172413793103
uce-411_chunk_4.tre	0.000547672	0.319695	0.00862068965517
uce-422_chunk_4.tre	0.00568049	2.42984	0.0689655172414
uce-830_chunk_3.tre	0.0147598	12.478	0.0775862068966
uce-713_chunk_7.tre	0.00356918	1.01047	0.0431034482759
uce-855_chunk_4.tre	0.000195646	0.352685	0.0431034482759
uce-718_chunk_3.tre	0.000834349	1.28285	0.0172413793103
uce-408_chunk_4.tre	4.14959e-14	0.125117	0.00862068965517
uce-1286_chunk_2.tre	0.000980618	1.2623	0.0775862068966
uce-737_chunk_6.tre	0.00034905	34.2225	0.0603448275862
uce-1279_chunk_9.tre	0.0244831	8.85398	0.103448275862
uce-982_chunk_7.tre	4.20652e-14	5.43076	0.0172413793103
uce-469_chunk_6.tre	0.00924891	0.646936	0.0344827586207
uce-1270_chunk_4.tre	0.00412222	0.338698	0.0603448275862
uce-1177_chunk_5.tre	0.000408436	0.640091	0.0172413793103
uce-1270_chunk_7.tre	0.00550985	5.06533	0.0258620689655
uce-450_chunk_4.tre	0.000571689	19.8886	0
uce-748_chunk_1.tre	0.146972	13.5577	0.0775862068966
uce-160_chunk_3.tre	0	0.0204413	0
uce-157_chunk_2.tre	0.026836	3.04407	0.0862068965517
uce-605_chunk_4.tre	2.97061e-05	0.0958419	0.00862068965517
uce-1263_chunk_3.tre	0.00666584	15.3702	0.0603448275862
uce-908_chunk_9.tre	0.00198951	22.6867	0.0172413793103
uce-908_chunk_5.tre	0.00169224	0.108319	0.0172413793103
uce-1184_chunk_7.tre	0.0011707	1.07576	0.00862068965517
uce-187_chunk_3.tre	0.000882984	0.0892861	0.0172413793103
uce-968_chunk_7.tre	5.19948e-05	0.203562	0
uce-624_chunk_6.tre	0.000572897	0.438969	0.0258620689655
uce-714_chunk_3.tre	0.0030681	2.77698	0.0344827586207
uce-758_chunk_5.tre	5.81137e-05	0.171734	0
uce-1093_chunk_2.tre	0.00122262	2.15793	0.0431034482759
uce-908_chunk_7.tre	9.54821e-05	0.107741	0.00862068965517
uce-672_chunk_2.tre	0.000198904	0.365891	0.0258620689655
uce-267_chunk_7.tre	0.00199018	0.182163	0.0603448275862
uce-952_chunk_2.tre	0.00128947	3.53856	0.0172413793103
uce-759_chunk_4.tre	0.000286356	0.0624746	0.0258620689655
uce-739_chunk_5.tre	0.000107206	0.0414977	0.00862068965517
uce-469_chunk_8.tre	0.0586921	7.45093	0.112068965517
uce-540_chunk_5.tre	0.00688995	2.79289	0.0344827586207
uce-526_chunk_3.tre	8.846e-05	0.0403947	0.00862068965517
uce-832_chunk_4.tre	0.00199448	2.11109	0.0344827586207
uce-717_chunk_4.tre	0.000352037	1.69803	0.00862068965517
uce-833_chunk_5.tre	0.000493794	0.543841	0.051724137931
uce-454_chunk_7.tre	0.217487	2.38015	0.0172413793103
uce-918_chunk_5.tre	0.00401224	2.30434	0.0431034482759
uce-749_chunk_3.tre	0.000182979	0.0845994	0.00862068965517
uce-883_chunk_3.tre	0.000329746	0.53612	0.0344827586207
uce-96_chunk_5.tre	0.00395162	1.26171	0.0344827586207
uce-175_chunk_2.tre	0.0873147	4.52747	0.0603448275862
uce-775_chunk_3.tre	9.09202e-05	0.0411625	0
uce-592_chunk_3.tre	0.00332022	2.25909	0.051724137931
uce-1007_chunk_7.tre	7.67883e-05	0.0405311	0.0172413793103
uce-61_chunk_5.tre	4.71493e-14	14.9994	0
uce-175_chunk_3.tre	0.000466155	0.291617	0.00862068965517
uce-199_chunk_6.tre	0.00138589	0.314191	0.0172413793103
uce-990_chunk_2.tre	0.000244185	0.435396	0.0258620689655
uce-600_chunk_3.tre	4.60598e-14	0.0204972	0
uce-858_chunk_2.tre	2.39395	29.3072	0.0172413793103
uce-894_chunk_9.tre	0.0421062	6.49462	0
uce-442_chunk_2.tre	0.00164031	1.36262	0.00862068965517
uce-1249_chunk_4.tre	0.000332706	0.25224	0.0258620689655
uce-151_chunk_6.tre	4.45558e-14	0.04159	0
uce-797_chunk_3.tre	0.00248532	0.413588	0.0344827586207
uce-1279_chunk_7.tre	1.20878e-13	0.0414253	0.0172413793103
uce-422_chunk_6.tre	0.000100631	0.0870923	0.0172413793103
uce-363_chunk_4.tre	0.0012632	0.109389	0.0344827586207
uce-414_chunk_5.tre	4.4362e-14	0.0912618	0
uce-748_chunk_2.tre	0.000194623	0.363405	0.0172413793103
uce-414_chunk_6.tre	0.00380797	0.699789	0.0258620689655
uce-449_chunk_3.tre	0.000397198	0.249834	0.00862068965517
uce-791_chunk_3.tre	0.000289877	0.13044	0.0258620689655
uce-460_chunk_5.tre	0.00511741	27.47	0.0689655172414
uce-600_chunk_5.tre	0.112039	23.7165	0.0689655172414
uce-108_chunk_3.tre	0.000241896	0.102591	0.0258620689655
uce-1286_chunk_1.tre	0.0307429	49.7954	0.137931034483
uce-815_chunk_5.tre	0.0244185	0.410954	0.0172413793103
uce-577_chunk_3.tre	0.000863167	0.819603	0.0172413793103
uce-784_chunk_7.tre	0.00188678	0.229093	0.0344827586207
uce-934_chunk_5.tre	1.28819e-13	0.244545	0.0172413793103
uce-924_chunk_5.tre	0.00104347	0.750574	0.0431034482759
uce-705_chunk_3.tre	0.000121365	0.226534	0
uce-556_chunk_2.tre	0.00133366	1.38975	0.0603448275862
uce-129_chunk_7.tre	0.12048	12.2181	0.0862068965517
uce-695_chunk_4.tre	0.000757698	62.0532	0.0431034482759
uce-893_chunk_5.tre	0.0171353	4.33132	0.112068965517
uce-566_chunk_6.tre	0.00039331	0.530941	0.0258620689655
uce-374_chunk_4.tre	5.3774e-05	0.276387	0.0172413793103
uce-909_chunk_5.tre	0.00164959	1.4452	0.0689655172414
uce-566_chunk_5.tre	0.000721021	0.117276	0.0258620689655
uce-185_chunk_3.tre	1.23115e-13	3.47532	0.0172413793103
uce-1087_chunk_5.tre	0.00112132	0.124452	0.00862068965517
uce-494_chunk_4.tre	0.000283273	0.176127	0.0172413793103
uce-494_chunk_7.tre	0.0499509	6.18954	0.051724137931
uce-799_chunk_4.tre	0.00396123	2.38788	0.051724137931
uce-1286_chunk_4.tre	0.000104025	0.229591	0
uce-411_chunk_7.tre	0.000715895	0.505389	0.00862068965517
uce-460_chunk_2.tre	0.00104718	3.04752	0.0172413793103
uce-1110_chunk_2.tre	0.0160733	1.32166	0.0431034482759
uce-1042_chunk_1.tre	0.0539556	5.4573	0.0689655172414
uce-38_chunk_5.tre	0.00186176	1.27408	0.051724137931
uce-577_chunk_7.tre	0.0449137	24.6938	0.0431034482759
uce-1187_chunk_5.tre	0.0036624	0.277508	0.00862068965517
uce-858_chunk_4.tre	8.94737e-05	0.0677471	0.00862068965517
uce-1209_chunk_5.tre	0.012917	1.65484	0.0603448275862
uce-646_chunk_3.tre	0.000658844	1.44418	0.0258620689655
uce-769_chunk_1.tre	0.0416973	7.16002	0.137931034483
uce-368_chunk_4.tre	0.00023709	0.641911	0.0258620689655
uce-1228_chunk_4.tre	0.000354079	0.408403	0.0344827586207
uce-273_chunk_2.tre	6.19491e-05	0.166732	0.00862068965517
uce-1242_chunk_2.tre	0.00215133	23.6179	0.0172413793103
uce-556_chunk_1.tre	0.0150024	5.59087	0.112068965517
uce-1270_chunk_3.tre	0.0208434	24.5669	0.051724137931
uce-713_chunk_5.tre	0.00179813	1.03274	0.0431034482759
uce-540_chunk_1.tre	0.0142089	6.79453	0.0948275862069
uce-143_chunk_5.tre	0.000920148	0.133011	0
uce-566_chunk_3.tre	0.00120032	0.913804	0.0431034482759
uce-126_chunk_5.tre	0.000354134	0.345517	0.0603448275862
uce-31_chunk_6.tre	7.58929e-05	0.0405887	0.00862068965517
uce-541_chunk_4.tre	7.50256e-05	0.313523	0.00862068965517
uce-1186_chunk_3.tre	0.000238782	0.605856	0.00862068965517
uce-759_chunk_3.tre	0.000913934	9.24149	0.0258620689655
uce-908_chunk_8.tre	0.000977858	1.09427	0.0172413793103
uce-251_chunk_4.tre	0.001233	0.527255	0.0172413793103
uce-411_chunk_5.tre	0.000254953	0.109493	0
uce-1324_chunk_3.tre	7.90943e-05	0.18968	0
uce-494_chunk_3.tre	0.000693251	0.511888	0.0172413793103
uce-120_chunk_2.tre	0.00113237	0.84064	0.0258620689655
uce-712_chunk_2.tre	1.04512	29.8392	0.103448275862
uce-915_chunk_2.tre	4.87926e-14	0.169868	0
uce-830_chunk_7.tre	0.00942358	3.62519	0.112068965517
uce-1249_chunk_6.tre	0.000371639	0.52097	0.0172413793103
uce-934_chunk_6.tre	0.0014742	0.259092	0.0172413793103
uce-174_chunk_3.tre	0.0041191	1.88671	0.0431034482759
uce-706_chunk_5.tre	0.00491935	2.27755	0.0172413793103
uce-406_chunk_4.tre	0.00395355	7.7509	0.0344827586207
uce-1027_chunk_2.tre	0.00865253	1.19791	0.0431034482759
uce-106_chunk_4.tre	0.00065003	0.747032	0.051724137931
uce-1282_chunk_5.tre	6.08056e-14	0.329934	0
uce-449_chunk_5.tre	0.107832	3.08241	0.00862068965517
uce-690_chunk_2.tre	0.000297877	10.5084	0.00862068965517
uce-450_chunk_2.tre	0.00609616	3.8347	0.0344827586207
uce-1235_chunk_10.tre	0.00165981	1.41353	0.0603448275862
uce-563_chunk_3.tre	0.00234594	2.20977	0.103448275862
uce-1281_chunk_3.tre	0.00551452	28.7801	0.0344827586207
uce-1184_chunk_2.tre	0.00543798	5.46504	0.103448275862
uce-1196_chunk_5.tre	0.0002053	0.294286	0.0172413793103
uce-1184_chunk_1.tre	0.00841054	3.00516	0.051724137931
uce-1257_chunk_5.tre	0.00697999	1.84937	0
uce-870_chunk_4.tre	0.00352797	1.59621	0.0344827586207
uce-1229_chunk_4.tre	0.196588	7.74732	0.0172413793103
uce-1187_chunk_1.tre	0.0793991	8.10324	0.0344827586207
uce-157_chunk_3.tre	0.000126617	0.198029	0.0172413793103
uce-748_chunk_5.tre	0.00694916	21.131	0.0344827586207
uce-1263_chunk_5.tre	0.000550177	0.168726	0.0344827586207
uce-1219_chunk_6.tre	0.00162461	1.15435	0.0431034482759
uce-1027_chunk_5.tre	0.191747	14.832	0.00862068965517
uce-894_chunk_4.tre	0.000689252	0.124261	0.0172413793103
uce-713_chunk_6.tre	2.56176e-05	0.0414278	0.0258620689655
uce-748_chunk_3.tre	0.000346705	0.135328	0
uce-761_chunk_3.tre	0.000532788	0.16423	0.0431034482759
uce-712_chunk_7.tre	0.00449106	2.82863	0.0689655172414
uce-6_chunk_5.tre	0.0145528	24.8794	0.0258620689655
uce-414_chunk_7.tre	0.00253151	1.08175	0.051724137931
uce-1256_chunk_1.tre	0.0068803	3.26401	0.103448275862
uce-99_chunk_6.tre	0.00176788	0.329617	0.0258620689655
uce-120_chunk_6.tre	0.0511343	13.2776	0.112068965517
uce-54_chunk_4.tre	0.00722569	27.4023	0.0775862068966
uce-1263_chunk_1.tre	0.133548	5.93464	0.0862068965517
uce-160_chunk_2.tre	0.000870094	0.631788	0.0258620689655
uce-624_chunk_4.tre	0.000321292	0.701671	0.0344827586207
uce-149_chunk_2.tre	0.131958	17.8075	0.051724137931
uce-273_chunk_4.tre	3.30666e-05	0.128251	0.00862068965517
uce-661_chunk_5.tre	0.0208985	4.35187	0.0344827586207
uce-561_chunk_7.tre	0.000971663	0.240826	0.00862068965517
uce-1323_chunk_4.tre	0.129623	18.6878	0.0258620689655
uce-1184_chunk_4.tre	0.000752082	0.132122	0.00862068965517
uce-227_chunk_3.tre	0.000381113	0.0616649	0.00862068965517
uce-1317_chunk_4.tre	0.00952602	2.61191	0.0948275862069
uce-1242_chunk_4.tre	0.00351332	8.22638	0.00862068965517
uce-38_chunk_1.tre	0.0252833	9.59831	0.0603448275862
uce-287_chunk_3.tre	0.00778658	1.0143	0.0258620689655
uce-797_chunk_1.tre	0.239351	21.9521	0.00862068965517
uce-204_chunk_1.tre	0.54316	12.5865	0.0344827586207
uce-769_chunk_2.tre	8.80785e-05	0.0402995	0.0172413793103
uce-1093_chunk_1.tre	0.029851	3.63519	0.0258620689655
uce-204_chunk_2.tre	0.000417781	0.570541	0.0172413793103
uce-918_chunk_6.tre	0.0477122	5.71434	0.00862068965517
uce-1211_chunk_2.tre	0.000865307	0.734966	0.0172413793103
uce-1007_chunk_3.tre	0.00221665	0.168436	0.00862068965517
uce-1293_chunk_4.tre	6.81269e-05	0.237545	0.00862068965517
uce-454_chunk_2.tre	4.31827e-14	0.13929	0.0172413793103
uce-982_chunk_3.tre	0.000400752	0.610724	0.0431034482759
uce-968_chunk_9.tre	0.0410383	46.963	0.0431034482759
uce-1110_chunk_3.tre	0.001387	1.31954	0.0344827586207
uce-552_chunk_4.tre	0.019688	1.17861	0.00862068965517
uce-894_chunk_6.tre	9.3651e-05	0.0428809	0
uce-1324_chunk_5.tre	0.0168027	1.72359	0.00862068965517
uce-420_chunk_5.tre	0.000203436	0.369292	0.0431034482759
uce-1087_chunk_3.tre	0.000293748	0.536837	0.051724137931
uce-148_chunk_6.tre	0.0319708	7.72726	0.0689655172414
uce-359_chunk_8.tre	0.000323861	0.0713998	0
uce-148_chunk_5.tre	0.000119957	0.105701	0.0172413793103
uce-108_chunk_6.tre	5.03994e-14	9.06004	0.0775862068966
uce-1270_chunk_5.tre	3.87682e-14	0.0411366	0
uce-509_chunk_12.tre	0.0185548	29.2547	0.0258620689655
uce-54_chunk_1.tre	15.0367	98.0574	0.103448275862
uce-661_chunk_8.tre	0.0717751	10.9818	0.0862068965517
uce-368_chunk_5.tre	1.20296e-13	3.35594	0.00862068965517
uce-353_chunk_1.tre	0.000494089	27.5732	0.0258620689655
uce-908_chunk_3.tre	1.4702e-05	0.0889928	0.00862068965517
uce-1160_chunk_4.tre	0.0235137	41.9781	0.00862068965517
uce-784_chunk_6.tre	0.000895705	1.18145	0.0172413793103
uce-987_chunk_6.tre	4.42698e-14	0.505706	0.00862068965517
uce-143_chunk_8.tre	0.000480354	1.59672	0.0258620689655
uce-57_chunk_5.tre	5.08128e-14	15.5713	0.00862068965517
uce-108_chunk_1.tre	0.00563414	1.14283	0.051724137931
uce-38_chunk_3.tre	0.000168355	0.0259512	0.0603448275862
uce-363_chunk_3.tre	0.0359063	6.0111	0.051724137931
uce-690_chunk_5.tre	0.000491875	0.442547	0.0258620689655
uce-1044_chunk_3.tre	0.0039715	2.11261	0.0258620689655
uce-435_chunk_3.tre	0.00464266	29.0942	0.0603448275862
uce-408_chunk_7.tre	9.67033e-14	0.279077	0.0258620689655
uce-204_chunk_4.tre	0.000137127	0.287418	0.0172413793103
uce-924_chunk_2.tre	0.000512355	0.0979761	0.0344827586207
uce-749_chunk_5.tre	0.000840828	0.135444	0.00862068965517
uce-572_chunk_3.tre	1.09002	7.04691	0.0344827586207
uce-717_chunk_6.tre	0.00041483	0.0977034	0.00862068965517
uce-509_chunk_8.tre	0.00212297	8.15471	0.0172413793103
uce-549_chunk_4.tre	0.00862287	0.381641	0.0172413793103
uce-646_chunk_5.tre	3.52411e-05	0.101893	0
uce-739_chunk_6.tre	0.000876885	0.126131	0.0344827586207
uce-1062_chunk_7.tre	0.00049019	0.133012	0.0344827586207
uce-406_chunk_5.tre	0.000104226	0.110644	0.00862068965517
uce-31_chunk_7.tre	0.000406589	0.0839455	0.00862068965517
uce-672_chunk_1.tre	0.026183	4.08144	0.0431034482759
uce-160_chunk_1.tre	0.00878256	3.02423	0.0431034482759
uce-653_chunk_3.tre	0.632142	22.81	0.00862068965517
uce-1184_chunk_9.tre	0.0751029	6.7594	0.051724137931
uce-61_chunk_4.tre	0.00744201	4.14716	0.051724137931
uce-605_chunk_2.tre	5.36587e-05	0.184181	0.0258620689655
uce-167_chunk_4.tre	0.16592	10.5884	0.0258620689655
uce-148_chunk_3.tre	0.0001364	0.371902	0.0172413793103
uce-1176_chunk_2.tre	4.71806e-05	0.107731	0.0258620689655
uce-655_chunk_3.tre	0.000268644	0.0933394	0.0258620689655
uce-174_chunk_2.tre	0.0377056	9.12316	0.0172413793103
uce-714_chunk_2.tre	0.0159485	1.9761	0.0603448275862
uce-176_chunk_5.tre	0.00223948	5.81021	0.0344827586207
uce-805_chunk_9.tre	0.0010871	2.07541	0.0258620689655
uce-695_chunk_7.tre	0.000907782	0.974553	0.051724137931
uce-883_chunk_4.tre	3.44845e-14	0.0646696	0.00862068965517
uce-159_chunk_4.tre	0.00217415	1.87934	0.0603448275862
uce-471_chunk_2.tre	0.00893971	3.04026	0.0172413793103
uce-88_chunk_3.tre	4.27294e-05	0.284645	0.0172413793103
uce-1235_chunk_8.tre	0.000726059	0.131391	0.0344827586207
uce-446_chunk_7.tre	9.21175e-05	0.129611	0.00862068965517
uce-815_chunk_10.tre	0.0186607	0.870723	0.0258620689655
uce-600_chunk_4.tre	0.00029891	0.139474	0.00862068965517
uce-149_chunk_4.tre	0.00108868	0.362821	0.0172413793103
uce-799_chunk_5.tre	0.000633104	0.847217	0.00862068965517
uce-89_chunk_1.tre	0.0861801	7.26944	0.0603448275862
uce-108_chunk_5.tre	0.000605206	0.891426	0.0344827586207
uce-1219_chunk_5.tre	0.00138002	0.165011	0.00862068965517
uce-1093_chunk_5.tre	0.159146	11.8856	0.0431034482759
uce-323_chunk_4.tre	0.000149971	0.416376	0.0258620689655
